monday,tuesday,wednesday,thursday,friday,saturday,sunday,start_date,end_date,service_id
0,0,0,0,0,0,1,20251109,20251116,1019
0,0,0,0,0,0,1,20251109,20251116,827
0,0,0,0,0,0,1,20251109,20251123,100
0,0,0,0,0,0,1,20251109,20251123,398
0,0,0,0,0,0,1,20251109,20251130,118
0,0,0,0,0,0,1,20251109,20251130,510
0,0,0,0,0,0,1,20251109,20251130,622
0,0,0,0,0,0,1,20251109,20251130,992
0,0,0,0,0,0,1,20251109,20251207,350
0,0,0,0,0,0,1,20251109,20251207,372
0,0,0,0,0,0,1,20251109,20251207,532
0,0,0,0,0,0,1,20251109,20251207,680
0,0,0,0,0,0,1,20251109,20251207,772
0,0,0,0,0,0,1,20251109,20251207,864
0,0,0,0,0,0,1,20251109,20251207,868
0,0,0,0,0,0,1,20251109,20251207,915
0,0,0,0,0,0,1,20251109,20251207,963
0,0,0,0,0,0,1,20251109,20251209,23
0,0,0,0,0,0,1,20251111,20251116,653
0,0,0,0,0,0,1,20251114,20251123,458
0,0,0,0,0,0,1,20251115,20251116,591
0,0,0,0,0,0,1,20251115,20251123,35
0,0,0,0,0,0,1,20251116,20251123,637
0,0,0,0,0,0,1,20251116,20251125,851
0,0,0,0,0,0,1,20251116,20251129,238
0,0,0,0,0,0,1,20251116,20251130,724
0,0,0,0,0,0,1,20251116,20251207,12
0,0,0,0,0,0,1,20251116,20251207,509
0,0,0,0,0,0,1,20251123,20251130,151
0,0,0,0,0,0,1,20251123,20251207,178
0,0,0,0,0,0,1,20251123,20251207,512
0,0,0,0,0,0,1,20251123,20251207,830
0,0,0,0,0,0,1,20251129,20251207,113
0,0,0,0,0,0,1,20251130,20251207,617
0,0,0,0,0,0,1,20251130,20251207,832
0,0,0,0,0,1,0,20251114,20251122,265
0,0,0,0,0,1,0,20251114,20251123,348
0,0,0,0,0,1,0,20251114,20251206,201
0,0,0,0,0,1,0,20251115,20251122,798
0,0,0,0,0,1,0,20251115,20251129,16
0,0,0,0,0,1,0,20251115,20251129,365
0,0,0,0,0,1,0,20251115,20251129,646
0,0,0,0,0,1,0,20251115,20251206,258
0,0,0,0,0,1,0,20251115,20251206,272
0,0,0,0,0,1,0,20251115,20251206,728
0,0,0,0,0,1,0,20251122,20251129,873
0,0,0,0,0,1,0,20251122,20251206,108
0,0,0,0,0,1,0,20251122,20251206,53
0,0,0,0,0,1,0,20251122,20251206,579
0,0,0,0,0,1,0,20251122,20251206,762
0,0,0,0,0,1,0,20251122,20251207,486
0,0,0,0,0,1,0,20251128,20251206,139
0,0,0,0,0,1,0,20251129,20251206,822
0,0,0,0,0,1,0,20251129,20251207,269
0,0,0,0,0,1,1,20251109,20251115,86
0,0,0,0,0,1,1,20251109,20251116,918
0,0,0,0,0,1,1,20251109,20251123,218
0,0,0,0,0,1,1,20251109,20251123,418
0,0,0,0,0,1,1,20251109,20251123,73
0,0,0,0,0,1,1,20251109,20251206,329
0,0,0,0,0,1,1,20251109,20251206,855
0,0,0,0,0,1,1,20251109,20251207,101
0,0,0,0,0,1,1,20251109,20251207,158
0,0,0,0,0,1,1,20251109,20251207,325
0,0,0,0,0,1,1,20251109,20251207,415
0,0,0,0,0,1,1,20251109,20251207,606
0,0,0,0,0,1,1,20251109,20251207,820
0,0,0,0,0,1,1,20251109,20251207,899
0,0,0,0,0,1,1,20251109,20251207,985
0,0,0,0,0,1,1,20251109,20251208,964
0,0,0,0,0,1,1,20251111,20251207,263
0,0,0,0,0,1,1,20251115,20251116,473
0,0,0,0,0,1,1,20251115,20251122,430
0,0,0,0,0,1,1,20251115,20251123,675
0,0,0,0,0,1,1,20251115,20251130,161
0,0,0,0,0,1,1,20251115,20251207,340
0,0,0,0,0,1,1,20251115,20251207,522
0,0,0,0,0,1,1,20251115,20251207,61
0,0,0,0,0,1,1,20251115,20251207,890
0,0,0,0,0,1,1,20251115,20251207,895
0,0,0,0,0,1,1,20251115,20251207,928
0,0,0,0,0,1,1,20251116,20251207,241
0,0,0,0,0,1,1,20251116,20251207,700
0,0,0,0,0,1,1,20251116,20251209,1020
0,0,0,0,0,1,1,20251122,20251123,958
0,0,0,0,0,1,1,20251122,20251207,516
0,0,0,0,0,1,1,20251122,20251207,536
0,0,0,0,0,1,1,20251122,20251207,877
0,0,0,0,0,1,1,20251123,20251129,110
0,0,0,0,0,1,1,20251129,20251130,261
0,0,0,0,0,1,1,20251129,20251207,373
0,0,0,0,0,1,1,20251129,20251207,460
0,0,0,0,0,1,1,20251206,20251207,733
0,0,0,0,1,0,0,20251109,20251121,355
0,0,0,0,1,0,0,20251114,20251121,797
0,0,0,0,1,0,0,20251114,20251128,165
0,0,0,0,1,0,0,20251114,20251128,364
0,0,0,0,1,0,0,20251114,20251205,869
0,0,0,0,1,0,0,20251114,20251205,961
0,0,0,0,1,0,0,20251121,20251128,387
0,0,0,0,1,0,0,20251121,20251205,896
0,0,0,0,1,0,0,20251128,20251205,305
0,0,0,0,1,0,0,20251128,20251206,349
0,0,0,0,1,0,0,20251128,20251207,247
0,0,0,0,1,0,1,20251109,20251114,631
0,0,0,0,1,0,1,20251109,20251207,19
0,0,0,0,1,0,1,20251109,20251207,552
0,0,0,0,1,0,1,20251109,20251207,59
0,0,0,0,1,0,1,20251114,20251116,56
0,0,0,0,1,0,1,20251114,20251123,316
0,0,0,0,1,0,1,20251114,20251128,540
0,0,0,0,1,0,1,20251116,20251121,852
0,0,0,0,1,0,1,20251116,20251123,105
0,0,0,0,1,0,1,20251121,20251123,500
0,0,0,0,1,0,1,20251123,20251207,517
0,0,0,0,1,0,1,20251128,20251130,945
0,0,0,0,1,0,1,20251128,20251207,274
0,0,0,0,1,0,1,20251130,20251205,533
0,0,0,0,1,1,0,20251109,20251122,454
0,0,0,0,1,1,0,20251109,20251126,892
0,0,0,0,1,1,0,20251110,20251128,176
0,0,0,0,1,1,0,20251114,20251115,352
0,0,0,0,1,1,0,20251114,20251121,701
0,0,0,0,1,1,0,20251114,20251122,301
0,0,0,0,1,1,0,20251114,20251123,920
0,0,0,0,1,1,0,20251114,20251206,397
0,0,0,0,1,1,0,20251115,20251122,845
0,0,0,0,1,1,0,20251121,20251122,11
0,0,0,0,1,1,0,20251121,20251206,51
0,0,0,0,1,1,0,20251122,20251206,332
0,0,0,0,1,1,0,20251127,20251205,75
0,0,0,0,1,1,0,20251128,20251129,413
0,0,0,0,1,1,0,20251128,20251129,74
0,0,0,0,1,1,0,20251128,20251205,511
0,0,0,0,1,1,0,20251129,20251205,324
0,0,0,0,1,1,0,20251129,20251207,927
0,0,0,0,1,1,0,20251205,20251206,368
0,0,0,0,1,1,1,20251109,20251116,235
0,0,0,0,1,1,1,20251109,20251207,962
0,0,0,0,1,1,1,20251114,20251116,3
0,0,0,0,1,1,1,20251114,20251123,630
0,0,0,0,1,1,1,20251114,20251129,553
0,0,0,0,1,1,1,20251114,20251205,250
0,0,0,0,1,1,1,20251115,20251123,224
0,0,0,0,1,1,1,20251116,20251123,468
0,0,0,0,1,1,1,20251121,20251123,177
0,0,0,0,1,1,1,20251121,20251207,489
0,0,0,0,1,1,1,20251121,20251207,989
0,0,0,0,1,1,1,20251121,20251208,978
0,0,0,0,1,1,1,20251127,20251209,195
0,0,0,0,1,1,1,20251128,20251130,1008
0,0,0,0,1,1,1,20251128,20251205,879
0,0,0,0,1,1,1,20251128,20251207,503
0,0,0,0,1,1,1,20251129,20251207,934
0,0,0,0,1,1,1,20251205,20251207,405
0,0,0,1,0,0,0,20251113,20251120,376
0,0,0,1,0,0,0,20251113,20251120,795
0,0,0,1,0,0,0,20251113,20251204,77
0,0,0,1,0,0,0,20251120,20251204,114
0,0,0,1,0,0,0,20251127,20251204,974
0,0,0,1,0,0,1,20251109,20251113,96
0,0,0,1,0,0,1,20251113,20251116,719
0,0,0,1,0,0,1,20251116,20251120,306
0,0,0,1,0,0,1,20251127,20251130,559
0,0,0,1,0,1,0,20251120,20251122,320
0,0,0,1,0,1,0,20251127,20251129,226
0,0,0,1,0,1,0,20251129,20251204,824
0,0,0,1,0,1,0,20251204,20251206,523
0,0,0,1,0,1,1,20251111,20251120,828
0,0,0,1,1,0,0,20251113,20251114,225
0,0,0,1,1,0,0,20251113,20251117,168
0,0,0,1,1,0,0,20251113,20251205,643
0,0,0,1,1,0,0,20251120,20251121,1000
0,0,0,1,1,0,0,20251204,20251205,921
0,0,0,1,1,0,1,20251109,20251114,422
0,0,0,1,1,0,1,20251109,20251114,576
0,0,0,1,1,0,1,20251109,20251207,393
0,0,0,1,1,0,1,20251114,20251121,764
0,0,0,1,1,0,1,20251114,20251123,495
0,0,0,1,1,0,1,20251127,20251207,586
0,0,0,1,1,1,0,20251113,20251115,230
0,0,0,1,1,1,0,20251120,20251122,296
0,0,0,1,1,1,0,20251127,20251129,573
0,0,0,1,1,1,0,20251127,20251130,713
0,0,0,1,1,1,1,20251109,20251116,21
0,0,0,1,1,1,1,20251114,20251121,125
0,0,0,1,1,1,1,20251120,20251122,356
0,0,0,1,1,1,1,20251120,20251123,802
0,0,0,1,1,1,1,20251122,20251209,264
0,0,0,1,1,1,1,20251127,20251204,449
0,0,0,1,1,1,1,20251127,20251207,465
0,0,0,1,1,1,1,20251130,20251207,9
0,0,1,0,0,0,1,20251130,20251203,858
0,0,1,0,0,1,0,20251112,20251115,534
0,0,1,0,0,1,0,20251115,20251204,412
0,0,1,0,0,1,1,20251119,20251203,740
0,0,1,0,1,0,0,20251114,20251121,545
0,0,1,0,1,0,0,20251119,20251121,402
0,0,1,0,1,0,0,20251119,20251127,595
0,0,1,0,1,0,0,20251126,20251205,82
0,0,1,0,1,0,0,20251203,20251205,825
0,0,1,0,1,1,0,20251128,20251203,425
0,0,1,1,0,0,0,20251110,20251121,813
0,0,1,1,0,0,0,20251112,20251113,416
0,0,1,1,0,0,0,20251118,20251127,321
0,0,1,1,0,0,0,20251119,20251120,781
0,0,1,1,0,0,0,20251203,20251204,806
0,0,1,1,0,0,1,20251109,20251127,1014
0,0,1,1,0,0,1,20251130,20251209,660
0,0,1,1,0,1,0,20251115,20251120,834
0,0,1,1,0,1,0,20251118,20251209,383
0,0,1,1,1,0,0,20251112,20251114,32
0,0,1,1,1,0,0,20251119,20251121,424
0,0,1,1,1,0,0,20251119,20251121,703
0,0,1,1,1,0,0,20251126,20251128,303
0,0,1,1,1,0,0,20251203,20251205,388
0,0,1,1,1,1,0,20251122,20251130,4
0,0,1,1,1,1,0,20251203,20251206,462
0,0,1,1,1,1,0,20251203,20251209,493
0,0,1,1,1,1,1,20251112,20251116,270
0,0,1,1,1,1,1,20251114,20251123,154
0,0,1,1,1,1,1,20251119,20251123,919
0,1,0,0,0,0,0,20251125,20251202,304
0,1,0,0,0,0,1,20251109,20251111,163
0,1,0,0,0,0,1,20251118,20251123,649
0,1,0,0,0,1,0,20251111,20251115,1010
0,1,0,0,0,1,0,20251115,20251118,780
0,1,0,0,0,1,0,20251206,20251209,970
0,1,0,0,0,1,1,20251122,20251125,111
0,1,0,0,1,0,0,20251111,20251114,754
0,1,0,0,1,0,0,20251114,20251118,597
0,1,0,0,1,0,0,20251114,20251121,929
0,1,0,0,1,0,0,20251118,20251121,90
0,1,0,0,1,0,0,20251205,20251209,560
0,1,0,0,1,0,1,20251109,20251114,64
0,1,0,0,1,0,1,20251109,20251209,783
0,1,0,0,1,0,1,20251123,20251209,577
0,1,0,0,1,1,0,20251114,20251118,555
0,1,0,0,1,1,0,20251122,20251209,367
0,1,0,0,1,1,0,20251125,20251129,904
0,1,0,0,1,1,0,20251202,20251206,353
0,1,0,0,1,1,1,20251109,20251209,847
0,1,0,1,0,0,0,20251111,20251209,336
0,1,0,1,0,0,0,20251111,20251209,956
0,1,0,1,0,0,0,20251113,20251118,126
0,1,0,1,0,0,0,20251118,20251120,582
0,1,0,1,0,0,0,20251120,20251207,791
0,1,0,1,0,0,0,20251125,20251209,759
0,1,0,1,0,0,0,20251202,20251204,526
0,1,0,1,1,0,0,20251111,20251114,712
0,1,0,1,1,0,0,20251113,20251118,803
0,1,0,1,1,0,0,20251125,20251209,63
0,1,0,1,1,1,1,20251113,20251118,290
0,1,1,0,0,0,0,20251110,20251121,556
0,1,1,0,0,0,0,20251111,20251112,419
0,1,1,0,0,0,0,20251111,20251112,491
0,1,1,0,0,0,0,20251112,20251118,135
0,1,1,0,0,0,0,20251118,20251119,897
0,1,1,0,0,0,0,20251125,20251126,106
0,1,1,0,0,0,0,20251125,20251209,917
0,1,1,0,0,0,0,20251202,20251203,87
0,1,1,0,0,0,1,20251109,20251112,668
0,1,1,0,0,0,1,20251116,20251119,925
0,1,1,0,1,0,0,20251202,20251205,223
0,1,1,0,1,1,0,20251202,20251206,583
0,1,1,0,1,1,1,20251114,20251119,800
0,1,1,0,1,1,1,20251123,20251209,427
0,1,1,1,0,0,0,20251110,20251119,190
0,1,1,1,0,0,0,20251111,20251113,275
0,1,1,1,0,0,0,20251111,20251113,669
0,1,1,1,0,0,0,20251118,20251120,1005
0,1,1,1,0,0,0,20251125,20251127,823
0,1,1,1,0,0,0,20251125,20251127,898
0,1,1,1,0,0,0,20251125,20251204,997
0,1,1,1,0,0,0,20251202,20251204,860
0,1,1,1,0,0,0,20251202,20251208,446
0,1,1,1,0,0,1,20251109,20251113,581
0,1,1,1,0,0,1,20251109,20251209,149
0,1,1,1,0,0,1,20251111,20251116,952
0,1,1,1,0,1,0,20251111,20251115,253
0,1,1,1,0,1,0,20251118,20251122,69
0,1,1,1,0,1,0,20251125,20251204,262
0,1,1,1,1,0,0,20251110,20251121,924
0,1,1,1,1,0,0,20251111,20251114,231
0,1,1,1,1,0,0,20251111,20251209,640
0,1,1,1,1,0,0,20251111,20251209,94
0,1,1,1,1,0,0,20251118,20251121,463
0,1,1,1,1,0,0,20251118,20251121,615
0,1,1,1,1,0,0,20251118,20251128,750
0,1,1,1,1,0,0,20251125,20251128,499
0,1,1,1,1,0,0,20251125,20251128,801
0,1,1,1,1,0,0,20251125,20251209,440
0,1,1,1,1,0,0,20251125,20251209,996
0,1,1,1,1,0,0,20251201,20251209,239
0,1,1,1,1,0,0,20251201,20251209,382
0,1,1,1,1,0,0,20251201,20251209,384
0,1,1,1,1,0,0,20251202,20251205,506
0,1,1,1,1,0,0,20251202,20251209,570
0,1,1,1,1,0,1,20251202,20251207,548
0,1,1,1,1,1,0,20251111,20251115,34
0,1,1,1,1,1,0,20251111,20251121,369
0,1,1,1,1,1,0,20251114,20251209,889
0,1,1,1,1,1,0,20251119,20251127,331
0,1,1,1,1,1,0,20251122,20251209,745
0,1,1,1,1,1,0,20251202,20251209,814
0,1,1,1,1,1,1,20251109,20251116,610
0,1,1,1,1,1,1,20251109,20251209,128
0,1,1,1,1,1,1,20251115,20251121,220
0,1,1,1,1,1,1,20251115,20251123,605
0,1,1,1,1,1,1,20251118,20251123,5
0,1,1,1,1,1,1,20251128,20251206,746
0,1,1,1,1,1,1,20251202,20251207,755
1,0,0,0,0,0,0,20251110,20251208,314
1,0,0,0,0,0,0,20251110,20251208,769
1,0,0,0,0,0,0,20251110,20251208,775
1,0,0,0,0,0,0,20251117,20251208,57
1,0,0,0,0,0,0,20251124,20251208,119
1,0,0,0,0,0,0,20251124,20251208,55
1,0,0,0,0,0,0,20251201,20251208,146
1,0,0,0,0,0,0,20251201,20251208,785
1,0,0,0,0,0,1,20251109,20251110,436
1,0,0,0,0,0,1,20251109,20251110,976
1,0,0,0,0,0,1,20251109,20251117,880
1,0,0,0,0,0,1,20251110,20251116,602
1,0,0,0,0,0,1,20251116,20251117,205
1,0,0,0,0,0,1,20251117,20251124,940
1,0,0,0,0,0,1,20251123,20251124,395
1,0,0,0,0,1,0,20251110,20251115,244
1,0,0,0,0,1,0,20251122,20251124,681
1,0,0,0,0,1,1,20251115,20251117,914
1,0,0,0,0,1,1,20251116,20251123,932
1,0,0,0,0,1,1,20251122,20251209,175
1,0,0,0,0,1,1,20251129,20251201,484
1,0,0,0,1,0,0,20251114,20251117,993
1,0,0,0,1,0,0,20251121,20251209,908
1,0,0,0,1,0,0,20251124,20251128,862
1,0,0,0,1,0,0,20251124,20251205,93
1,0,0,0,1,0,0,20251124,20251207,718
1,0,0,0,1,0,0,20251125,20251205,632
1,0,0,0,1,0,0,20251128,20251130,843
1,0,0,0,1,0,0,20251201,20251205,245
1,0,0,0,1,0,1,20251109,20251114,651
1,0,0,0,1,0,1,20251110,20251116,155
1,0,0,0,1,0,1,20251116,20251121,136
1,0,0,0,1,0,1,20251116,20251121,557
1,0,0,0,1,0,1,20251117,20251123,452
1,0,0,0,1,0,1,20251124,20251208,251
1,0,0,0,1,1,1,20251114,20251117,994
1,0,0,0,1,1,1,20251114,20251121,78
1,0,0,0,1,1,1,20251127,20251209,979
1,0,0,1,0,0,0,20251111,20251119,455
1,0,0,1,0,0,0,20251113,20251117,518
1,0,0,1,0,0,0,20251117,20251120,639
1,0,0,1,0,0,1,20251113,20251117,357
1,0,0,1,1,0,0,20251112,20251128,1017
1,0,0,1,1,0,0,20251113,20251117,633
1,0,0,1,1,0,0,20251114,20251120,36
1,0,0,1,1,0,0,20251117,20251121,197
1,0,0,1,1,0,1,20251123,20251209,853
1,0,0,1,1,1,0,20251114,20251120,588
1,0,0,1,1,1,1,20251124,20251208,887
1,0,1,0,0,0,0,20251109,20251117,760
1,0,1,0,0,0,0,20251110,20251112,420
1,0,1,0,0,0,0,20251117,20251119,137
1,0,1,0,0,0,0,20251119,20251127,437
1,0,1,0,0,0,0,20251124,20251126,45
1,0,1,0,0,0,0,20251201,20251203,302
1,0,1,0,0,0,1,20251116,20251123,662
1,0,1,1,0,0,0,20251110,20251113,1
1,0,1,1,0,0,0,20251117,20251120,959
1,0,1,1,0,0,0,20251118,20251127,497
1,0,1,1,0,0,0,20251201,20251209,603
1,0,1,1,0,0,1,20251124,20251208,698
1,0,1,1,0,1,0,20251124,20251208,543
1,0,1,1,0,1,1,20251109,20251209,453
1,0,1,1,0,1,1,20251111,20251121,844
1,0,1,1,1,0,0,20251110,20251114,833
1,0,1,1,1,0,0,20251124,20251201,26
1,0,1,1,1,0,1,20251109,20251128,131
1,0,1,1,1,0,1,20251116,20251208,186
1,0,1,1,1,1,0,20251110,20251115,481
1,0,1,1,1,1,0,20251124,20251206,935
1,0,1,1,1,1,1,20251115,20251123,625
1,0,1,1,1,1,1,20251116,20251123,682
1,0,1,1,1,1,1,20251124,20251207,193
1,0,1,1,1,1,1,20251124,20251209,187
1,1,0,0,0,0,0,20251110,20251111,589
1,1,0,0,0,0,0,20251110,20251111,744
1,1,0,0,0,0,0,20251117,20251118,233
1,1,0,0,0,0,0,20251121,20251209,109
1,1,0,0,0,0,0,20251124,20251125,607
1,1,0,0,0,0,0,20251201,20251202,870
1,1,0,0,0,0,0,20251208,20251209,341
1,1,0,0,0,0,0,20251208,20251209,428
1,1,0,0,0,0,0,20251208,20251209,804
1,1,0,0,0,0,0,20251208,20251209,941
1,1,0,0,0,0,1,20251109,20251111,200
1,1,0,0,0,0,1,20251116,20251118,846
1,1,0,0,0,0,1,20251116,20251124,634
1,1,0,0,0,0,1,20251121,20251203,628
1,1,0,0,0,0,1,20251123,20251209,685
1,1,0,0,0,0,1,20251207,20251209,937
1,1,0,0,0,0,1,20251208,20251209,707
1,1,0,0,0,1,1,20251115,20251118,692
1,1,0,0,0,1,1,20251116,20251123,37
1,1,0,0,0,1,1,20251124,20251207,216
1,1,0,0,0,1,1,20251124,20251209,208
1,1,0,0,0,1,1,20251125,20251209,618
1,1,0,0,0,1,1,20251130,20251209,732
1,1,0,0,1,0,0,20251114,20251118,677
1,1,0,0,1,0,0,20251121,20251125,309
1,1,0,0,1,0,0,20251124,20251128,667
1,1,0,0,1,0,0,20251124,20251209,243
1,1,0,0,1,0,0,20251205,20251209,311
1,1,0,0,1,0,1,20251109,20251209,68
1,1,0,0,1,1,0,20251114,20251118,514
1,1,0,0,1,1,1,20251114,20251122,7
1,1,0,0,1,1,1,20251123,20251205,850
1,1,0,0,1,1,1,20251205,20251209,152
1,1,0,1,0,0,0,20251113,20251118,776
1,1,0,1,0,0,1,20251125,20251209,322
1,1,0,1,0,1,1,20251123,20251207,541
1,1,0,1,0,1,1,20251124,20251208,599
1,1,0,1,1,0,0,20251111,20251121,192
1,1,0,1,1,0,0,20251113,20251118,401
1,1,0,1,1,0,0,20251124,20251128,479
1,1,0,1,1,0,0,20251201,20251205,567
1,1,0,1,1,0,0,20251201,20251209,429
1,1,0,1,1,0,1,20251109,20251209,554
1,1,0,1,1,0,1,20251113,20251118,281
1,1,0,1,1,0,1,20251113,20251123,70
1,1,0,1,1,0,1,20251123,20251209,777
1,1,0,1,1,0,1,20251124,20251209,162
1,1,0,1,1,0,1,20251201,20251209,829
1,1,0,1,1,1,0,20251113,20251118,411
1,1,0,1,1,1,0,20251127,20251209,520
1,1,0,1,1,1,1,20251113,20251118,504
1,1,0,1,1,1,1,20251121,20251208,121
1,1,0,1,1,1,1,20251123,20251209,757
1,1,0,1,1,1,1,20251125,20251207,535
1,1,0,1,1,1,1,20251125,20251209,878
1,1,0,1,1,1,1,20251130,20251209,20
1,1,0,1,1,1,1,20251204,20251209,232
1,1,1,0,0,0,0,20251110,20251112,120
1,1,1,0,0,0,0,20251110,20251112,338
1,1,1,0,0,0,0,20251110,20251112,563
1,1,1,0,0,0,0,20251110,20251112,636
1,1,1,0,0,0,0,20251110,20251112,725
1,1,1,0,0,0,0,20251110,20251112,875
1,1,1,0,0,0,0,20251110,20251116,199
1,1,1,0,0,0,0,20251110,20251209,219
1,1,1,0,0,0,0,20251117,20251119,132
1,1,1,0,0,0,0,20251117,20251119,267
1,1,1,0,0,0,0,20251118,20251128,371
1,1,1,0,0,0,0,20251124,20251126,871
1,1,1,0,0,0,0,20251124,20251209,739
1,1,1,0,0,0,0,20251201,20251203,502
1,1,1,0,0,0,0,20251201,20251209,30
1,1,1,0,0,0,1,20251109,20251112,174
1,1,1,0,0,0,1,20251109,20251112,227
1,1,1,0,0,0,1,20251109,20251112,612
1,1,1,0,0,0,1,20251109,20251126,13
1,1,1,0,0,0,1,20251110,20251119,808
1,1,1,0,0,0,1,20251116,20251119,62
1,1,1,0,0,0,1,20251116,20251123,236
1,1,1,0,0,0,1,20251124,20251203,658
1,1,1,0,0,0,1,20251130,20251203,529
1,1,1,0,0,0,1,20251201,20251207,79
1,1,1,0,0,1,0,20251129,20251203,29
1,1,1,0,0,1,1,20251109,20251209,716
1,1,1,0,0,1,1,20251117,20251123,28
1,1,1,0,0,1,1,20251129,20251203,863
1,1,1,0,0,1,1,20251201,20251209,951
1,1,1,0,1,0,0,20251114,20251122,644
1,1,1,0,1,0,0,20251124,20251209,14
1,1,1,0,1,0,0,20251124,20251209,345
1,1,1,0,1,0,0,20251201,20251208,378
1,1,1,0,1,0,1,20251109,20251114,891
1,1,1,0,1,0,1,20251109,20251209,334
1,1,1,0,1,0,1,20251128,20251203,980
1,1,1,0,1,0,1,20251203,20251209,91
1,1,1,0,1,1,0,20251110,20251115,998
1,1,1,0,1,1,0,20251114,20251122,856
1,1,1,0,1,1,0,20251124,20251129,88
1,1,1,0,1,1,0,20251128,20251203,594
1,1,1,0,1,1,0,20251206,20251207,883
1,1,1,0,1,1,1,20251113,20251121,884
1,1,1,1,0,0,0,20251109,20251127,601
1,1,1,1,0,0,0,20251109,20251209,257
1,1,1,1,0,0,0,20251110,20251113,665
1,1,1,1,0,0,0,20251110,20251117,967
1,1,1,1,0,0,0,20251110,20251121,872
1,1,1,1,0,0,0,20251110,20251127,1013
1,1,1,1,0,0,0,20251110,20251127,326
1,1,1,1,0,0,0,20251110,20251127,44
1,1,1,1,0,0,0,20251110,20251127,60
1,1,1,1,0,0,0,20251110,20251209,1011
1,1,1,1,0,0,0,20251110,20251209,142
1,1,1,1,0,0,0,20251110,20251209,360
1,1,1,1,0,0,0,20251110,20251209,443
1,1,1,1,0,0,0,20251110,20251209,50
1,1,1,1,0,0,0,20251110,20251209,641
1,1,1,1,0,0,0,20251110,20251209,821
1,1,1,1,0,0,0,20251110,20251209,85
1,1,1,1,0,0,0,20251110,20251209,885
1,1,1,1,0,0,0,20251110,20251209,905
1,1,1,1,0,0,0,20251110,20251209,953
1,1,1,1,0,0,0,20251110,20251209,999
1,1,1,1,0,0,0,20251113,20251119,472
1,1,1,1,0,0,0,20251115,20251124,729
1,1,1,1,0,0,0,20251116,20251124,792
1,1,1,1,0,0,0,20251117,20251120,6
1,1,1,1,0,0,0,20251117,20251124,25
1,1,1,1,0,0,0,20251117,20251127,129
1,1,1,1,0,0,0,20251117,20251127,58
1,1,1,1,0,0,0,20251117,20251127,688
1,1,1,1,0,0,0,20251117,20251127,901
1,1,1,1,0,0,0,20251117,20251127,957
1,1,1,1,0,0,0,20251117,20251209,447
1,1,1,1,0,0,0,20251118,20251127,629
1,1,1,1,0,0,0,20251118,20251209,664
1,1,1,1,0,0,0,20251119,20251127,333
1,1,1,1,0,0,0,20251119,20251130,568
1,1,1,1,0,0,0,20251119,20251209,99
1,1,1,1,0,0,0,20251124,20251127,380
1,1,1,1,0,0,0,20251124,20251127,396
1,1,1,1,0,0,0,20251124,20251204,585
1,1,1,1,0,0,0,20251124,20251204,708
1,1,1,1,0,0,0,20251124,20251208,242
1,1,1,1,0,0,0,20251124,20251208,623
1,1,1,1,0,0,0,20251124,20251208,71
1,1,1,1,0,0,0,20251124,20251209,159
1,1,1,1,0,0,0,20251124,20251209,374
1,1,1,1,0,0,0,20251124,20251209,391
1,1,1,1,0,0,0,20251124,20251209,482
1,1,1,1,0,0,0,20251124,20251209,817
1,1,1,1,0,0,0,20251124,20251209,965
1,1,1,1,0,0,0,20251128,20251207,893
1,1,1,1,0,0,0,20251128,20251209,421
1,1,1,1,0,0,0,20251130,20251209,886
1,1,1,1,0,0,0,20251201,20251204,133
1,1,1,1,0,0,0,20251201,20251204,699
1,1,1,1,0,0,0,20251201,20251209,76
1,1,1,1,0,0,0,20251202,20251209,909
1,1,1,1,0,0,1,20251109,20251113,134
1,1,1,1,0,0,1,20251109,20251113,171
1,1,1,1,0,0,1,20251109,20251113,307
1,1,1,1,0,0,1,20251109,20251113,840
1,1,1,1,0,0,1,20251109,20251127,217
1,1,1,1,0,0,1,20251109,20251130,911
1,1,1,1,0,0,1,20251109,20251209,1012
1,1,1,1,0,0,1,20251109,20251209,259
1,1,1,1,0,0,1,20251109,20251209,488
1,1,1,1,0,0,1,20251109,20251209,569
1,1,1,1,0,0,1,20251109,20251209,592
1,1,1,1,0,0,1,20251109,20251209,613
1,1,1,1,0,0,1,20251109,20251209,67
1,1,1,1,0,0,1,20251109,20251209,943
1,1,1,1,0,0,1,20251113,20251121,966
1,1,1,1,0,0,1,20251116,20251124,143
1,1,1,1,0,0,1,20251116,20251209,80
1,1,1,1,0,0,1,20251118,20251127,291
1,1,1,1,0,0,1,20251122,20251127,857
1,1,1,1,0,0,1,20251123,20251209,973
1,1,1,1,0,0,1,20251124,20251209,344
1,1,1,1,0,0,1,20251130,20251204,342
1,1,1,1,0,0,1,20251201,20251208,841
1,1,1,1,0,0,1,20251202,20251209,505
1,1,1,1,0,1,0,20251110,20251209,490
1,1,1,1,0,1,0,20251110,20251209,894
1,1,1,1,0,1,0,20251117,20251122,469
1,1,1,1,0,1,0,20251117,20251202,645
1,1,1,1,0,1,0,20251122,20251209,278
1,1,1,1,0,1,0,20251122,20251209,439
1,1,1,1,0,1,0,20251125,20251208,211
1,1,1,1,0,1,0,20251128,20251209,444
1,1,1,1,0,1,0,20251129,20251204,480
1,1,1,1,0,1,0,20251201,20251209,705
1,1,1,1,0,1,1,20251109,20251127,183
1,1,1,1,0,1,1,20251109,20251201,590
1,1,1,1,0,1,1,20251109,20251209,130
1,1,1,1,0,1,1,20251109,20251209,527
1,1,1,1,0,1,1,20251110,20251209,694
1,1,1,1,0,1,1,20251114,20251123,793
1,1,1,1,0,1,1,20251115,20251120,954
1,1,1,1,0,1,1,20251124,20251209,519
1,1,1,1,0,1,1,20251125,20251208,882
1,1,1,1,0,1,1,20251128,20251207,635
1,1,1,1,0,1,1,20251129,20251204,981
1,1,1,1,0,1,1,20251129,20251207,731
1,1,1,1,0,1,1,20251130,20251209,866
1,1,1,1,0,1,1,20251202,20251209,310
1,1,1,1,1,0,0,20251109,20251209,179
1,1,1,1,1,0,0,20251109,20251209,202
1,1,1,1,1,0,0,20251109,20251209,496
1,1,1,1,1,0,0,20251109,20251209,659
1,1,1,1,1,0,0,20251109,20251209,906
1,1,1,1,1,0,0,20251110,20251114,406
1,1,1,1,1,0,0,20251110,20251114,753
1,1,1,1,1,0,0,20251110,20251127,156
1,1,1,1,1,0,0,20251110,20251128,127
1,1,1,1,1,0,0,20251110,20251128,252
1,1,1,1,1,0,0,20251110,20251128,358
1,1,1,1,1,0,0,20251110,20251128,381
1,1,1,1,1,0,0,20251110,20251128,507
1,1,1,1,1,0,0,20251110,20251128,574
1,1,1,1,1,0,0,20251110,20251128,661
1,1,1,1,1,0,0,20251110,20251128,92
1,1,1,1,1,0,0,20251110,20251128,990
1,1,1,1,1,0,0,20251110,20251205,596
1,1,1,1,1,0,0,20251110,20251209,112
1,1,1,1,1,0,0,20251110,20251209,115
1,1,1,1,1,0,0,20251110,20251209,148
1,1,1,1,1,0,0,20251110,20251209,150
1,1,1,1,1,0,0,20251110,20251209,153
1,1,1,1,1,0,0,20251110,20251209,215
1,1,1,1,1,0,0,20251110,20251209,222
1,1,1,1,1,0,0,20251110,20251209,254
1,1,1,1,1,0,0,20251110,20251209,260
1,1,1,1,1,0,0,20251110,20251209,277
1,1,1,1,1,0,0,20251110,20251209,283
1,1,1,1,1,0,0,20251110,20251209,33
1,1,1,1,1,0,0,20251110,20251209,346
1,1,1,1,1,0,0,20251110,20251209,414
1,1,1,1,1,0,0,20251110,20251209,537
1,1,1,1,1,0,0,20251110,20251209,663
1,1,1,1,1,0,0,20251110,20251209,674
1,1,1,1,1,0,0,20251110,20251209,683
1,1,1,1,1,0,0,20251110,20251209,778
1,1,1,1,1,0,0,20251110,20251209,786
1,1,1,1,1,0,0,20251110,20251209,805
1,1,1,1,1,0,0,20251110,20251209,809
1,1,1,1,1,0,0,20251110,20251209,867
1,1,1,1,1,0,0,20251110,20251209,977
1,1,1,1,1,0,0,20251110,20251209,98
1,1,1,1,1,0,0,20251111,20251117,221
1,1,1,1,1,0,0,20251111,20251121,441
1,1,1,1,1,0,0,20251111,20251130,1007
1,1,1,1,1,0,0,20251112,20251209,485
1,1,1,1,1,0,0,20251113,20251119,271
1,1,1,1,1,0,0,20251113,20251121,475
1,1,1,1,1,0,0,20251114,20251120,434
1,1,1,1,1,0,0,20251114,20251121,720
1,1,1,1,1,0,0,20251114,20251123,736
1,1,1,1,1,0,0,20251114,20251209,327
1,1,1,1,1,0,0,20251114,20251209,770
1,1,1,1,1,0,0,20251116,20251124,169
1,1,1,1,1,0,0,20251117,20251121,947
1,1,1,1,1,0,0,20251117,20251124,448
1,1,1,1,1,0,0,20251117,20251130,765
1,1,1,1,1,0,0,20251117,20251209,494
1,1,1,1,1,0,0,20251117,20251209,515
1,1,1,1,1,0,0,20251117,20251209,620
1,1,1,1,1,0,0,20251117,20251209,679
1,1,1,1,1,0,0,20251118,20251127,65
1,1,1,1,1,0,0,20251118,20251209,903
1,1,1,1,1,0,0,20251119,20251127,609
1,1,1,1,1,0,0,20251119,20251130,587
1,1,1,1,1,0,0,20251119,20251205,542
1,1,1,1,1,0,0,20251119,20251209,18
1,1,1,1,1,0,0,20251119,20251209,696
1,1,1,1,1,0,0,20251120,20251127,289
1,1,1,1,1,0,0,20251120,20251128,796
1,1,1,1,1,0,0,20251120,20251130,122
1,1,1,1,1,0,0,20251120,20251130,984
1,1,1,1,1,0,0,20251120,20251209,308
1,1,1,1,1,0,0,20251121,20251128,157
1,1,1,1,1,0,0,20251121,20251130,991
1,1,1,1,1,0,0,20251124,20251128,234
1,1,1,1,1,0,0,20251124,20251128,24
1,1,1,1,1,0,0,20251124,20251128,276
1,1,1,1,1,0,0,20251124,20251128,298
1,1,1,1,1,0,0,20251124,20251128,550
1,1,1,1,1,0,0,20251124,20251128,807
1,1,1,1,1,0,0,20251124,20251128,861
1,1,1,1,1,0,0,20251124,20251128,913
1,1,1,1,1,0,0,20251124,20251205,513
1,1,1,1,1,0,0,20251124,20251208,483
1,1,1,1,1,0,0,20251124,20251209,116
1,1,1,1,1,0,0,20251124,20251209,273
1,1,1,1,1,0,0,20251124,20251209,323
1,1,1,1,1,0,0,20251124,20251209,337
1,1,1,1,1,0,0,20251124,20251209,39
1,1,1,1,1,0,0,20251124,20251209,638
1,1,1,1,1,0,0,20251124,20251209,768
1,1,1,1,1,0,0,20251124,20251209,816
1,1,1,1,1,0,0,20251124,20251209,854
1,1,1,1,1,0,0,20251124,20251209,902
1,1,1,1,1,0,0,20251124,20251209,95
1,1,1,1,1,0,0,20251125,20251209,280
1,1,1,1,1,0,0,20251125,20251209,508
1,1,1,1,1,0,0,20251126,20251209,83
1,1,1,1,1,0,0,20251127,20251209,386
1,1,1,1,1,0,0,20251128,20251205,256
1,1,1,1,1,0,0,20251128,20251209,931
1,1,1,1,1,0,0,20251130,20251209,968
1,1,1,1,1,0,0,20251201,20251205,147
1,1,1,1,1,0,0,20251201,20251209,318
1,1,1,1,1,0,0,20251201,20251209,571
1,1,1,1,1,0,0,20251201,20251209,66
1,1,1,1,1,0,0,20251202,20251209,566
1,1,1,1,1,0,1,20251109,20251114,2
1,1,1,1,1,0,1,20251109,20251114,389
1,1,1,1,1,0,1,20251109,20251114,501
1,1,1,1,1,0,1,20251109,20251114,565
1,1,1,1,1,0,1,20251109,20251114,741
1,1,1,1,1,0,1,20251109,20251128,214
1,1,1,1,1,0,1,20251109,20251128,43
1,1,1,1,1,0,1,20251109,20251205,52
1,1,1,1,1,0,1,20251109,20251209,17
1,1,1,1,1,0,1,20251109,20251209,198
1,1,1,1,1,0,1,20251109,20251209,27
1,1,1,1,1,0,1,20251109,20251209,293
1,1,1,1,1,0,1,20251109,20251209,335
1,1,1,1,1,0,1,20251109,20251209,361
1,1,1,1,1,0,1,20251109,20251209,403
1,1,1,1,1,0,1,20251109,20251209,538
1,1,1,1,1,0,1,20251109,20251209,616
1,1,1,1,1,0,1,20251109,20251209,657
1,1,1,1,1,0,1,20251109,20251209,693
1,1,1,1,1,0,1,20251109,20251209,751
1,1,1,1,1,0,1,20251109,20251209,779
1,1,1,1,1,0,1,20251109,20251209,819
1,1,1,1,1,0,1,20251109,20251209,881
1,1,1,1,1,0,1,20251109,20251209,938
1,1,1,1,1,0,1,20251110,20251128,784
1,1,1,1,1,0,1,20251110,20251209,1003
1,1,1,1,1,0,1,20251110,20251209,288
1,1,1,1,1,0,1,20251110,20251209,456
1,1,1,1,1,0,1,20251110,20251209,723
1,1,1,1,1,0,1,20251110,20251209,865
1,1,1,1,1,0,1,20251110,20251209,971
1,1,1,1,1,0,1,20251113,20251121,972
1,1,1,1,1,0,1,20251114,20251121,730
1,1,1,1,1,0,1,20251114,20251123,339
1,1,1,1,1,0,1,20251114,20251124,40
1,1,1,1,1,0,1,20251116,20251121,673
1,1,1,1,1,0,1,20251116,20251209,285
1,1,1,1,1,0,1,20251118,20251127,900
1,1,1,1,1,0,1,20251122,20251205,390
1,1,1,1,1,0,1,20251123,20251209,279
1,1,1,1,1,0,1,20251124,20251130,670
1,1,1,1,1,0,1,20251124,20251208,138
1,1,1,1,1,0,1,20251124,20251209,546
1,1,1,1,1,0,1,20251124,20251209,794
1,1,1,1,1,0,1,20251124,20251209,811
1,1,1,1,1,0,1,20251128,20251207,835
1,1,1,1,1,0,1,20251201,20251209,286
1,1,1,1,1,0,1,20251201,20251209,648
1,1,1,1,1,0,1,20251202,20251209,10
1,1,1,1,1,1,0,20251110,20251115,604
1,1,1,1,1,1,0,20251110,20251116,377
1,1,1,1,1,1,0,20251110,20251128,722
1,1,1,1,1,1,0,20251110,20251129,185
1,1,1,1,1,1,0,20251110,20251129,647
1,1,1,1,1,1,0,20251110,20251129,676
1,1,1,1,1,1,0,20251110,20251130,31
1,1,1,1,1,1,0,20251110,20251209,164
1,1,1,1,1,1,0,20251110,20251209,299
1,1,1,1,1,1,0,20251110,20251209,379
1,1,1,1,1,1,0,20251110,20251209,392
1,1,1,1,1,1,0,20251110,20251209,704
1,1,1,1,1,1,0,20251110,20251209,726
1,1,1,1,1,1,0,20251110,20251209,727
1,1,1,1,1,1,0,20251110,20251209,942
1,1,1,1,1,1,0,20251111,20251117,170
1,1,1,1,1,1,0,20251111,20251120,209
1,1,1,1,1,1,0,20251111,20251121,237
1,1,1,1,1,1,0,20251114,20251122,848
1,1,1,1,1,1,0,20251114,20251124,359
1,1,1,1,1,1,0,20251114,20251209,842
1,1,1,1,1,1,0,20251115,20251121,117
1,1,1,1,1,1,0,20251115,20251122,544
1,1,1,1,1,1,0,20251115,20251123,654
1,1,1,1,1,1,0,20251115,20251124,572
1,1,1,1,1,1,0,20251115,20251129,461
1,1,1,1,1,1,0,20251115,20251209,194
1,1,1,1,1,1,0,20251115,20251209,960
1,1,1,1,1,1,0,20251117,20251122,737
1,1,1,1,1,1,0,20251117,20251129,228
1,1,1,1,1,1,0,20251117,20251209,394
1,1,1,1,1,1,0,20251117,20251209,464
1,1,1,1,1,1,0,20251117,20251209,656
1,1,1,1,1,1,0,20251119,20251126,213
1,1,1,1,1,1,0,20251119,20251127,166
1,1,1,1,1,1,0,20251119,20251208,525
1,1,1,1,1,1,0,20251119,20251209,876
1,1,1,1,1,1,0,20251119,20251209,955
1,1,1,1,1,1,0,20251121,20251209,986
1,1,1,1,1,1,0,20251122,20251208,295
1,1,1,1,1,1,0,20251122,20251209,691
1,1,1,1,1,1,0,20251124,20251129,240
1,1,1,1,1,1,0,20251124,20251129,678
1,1,1,1,1,1,0,20251124,20251206,466
1,1,1,1,1,1,0,20251124,20251208,167
1,1,1,1,1,1,0,20251124,20251209,317
1,1,1,1,1,1,0,20251124,20251209,399
1,1,1,1,1,1,0,20251124,20251209,626
1,1,1,1,1,1,0,20251124,20251209,789
1,1,1,1,1,1,0,20251125,20251208,498
1,1,1,1,1,1,0,20251127,20251206,874
1,1,1,1,1,1,0,20251128,20251206,362
1,1,1,1,1,1,0,20251128,20251208,313
1,1,1,1,1,1,0,20251129,20251205,735
1,1,1,1,1,1,0,20251129,20251206,655
1,1,1,1,1,1,0,20251129,20251207,328
1,1,1,1,1,1,0,20251129,20251209,787
1,1,1,1,1,1,0,20251201,20251206,949
1,1,1,1,1,1,0,20251201,20251208,282
1,1,1,1,1,1,0,20251201,20251209,936
1,1,1,1,1,1,0,20251203,20251209,102
1,1,1,1,1,1,1,20251109,20251115,385
1,1,1,1,1,1,1,20251109,20251115,624
1,1,1,1,1,1,1,20251109,20251116,561
1,1,1,1,1,1,1,20251109,20251117,575
1,1,1,1,1,1,1,20251109,20251124,773
1,1,1,1,1,1,1,20251109,20251128,22
1,1,1,1,1,1,1,20251109,20251129,140
1,1,1,1,1,1,1,20251109,20251129,8
1,1,1,1,1,1,1,20251109,20251130,160
1,1,1,1,1,1,1,20251109,20251130,756
1,1,1,1,1,1,1,20251109,20251130,818
1,1,1,1,1,1,1,20251109,20251130,982
1,1,1,1,1,1,1,20251109,20251202,734
1,1,1,1,1,1,1,20251109,20251203,690
1,1,1,1,1,1,1,20251109,20251209,1001
1,1,1,1,1,1,1,20251109,20251209,172
1,1,1,1,1,1,1,20251109,20251209,294
1,1,1,1,1,1,1,20251109,20251209,330
1,1,1,1,1,1,1,20251109,20251209,351
1,1,1,1,1,1,1,20251109,20251209,38
1,1,1,1,1,1,1,20251109,20251209,417
1,1,1,1,1,1,1,20251109,20251209,426
1,1,1,1,1,1,1,20251109,20251209,445
1,1,1,1,1,1,1,20251109,20251209,450
1,1,1,1,1,1,1,20251109,20251209,46
1,1,1,1,1,1,1,20251109,20251209,470
1,1,1,1,1,1,1,20251109,20251209,471
1,1,1,1,1,1,1,20251109,20251209,524
1,1,1,1,1,1,1,20251109,20251209,619
1,1,1,1,1,1,1,20251109,20251209,686
1,1,1,1,1,1,1,20251109,20251209,710
1,1,1,1,1,1,1,20251109,20251209,742
1,1,1,1,1,1,1,20251109,20251209,767
1,1,1,1,1,1,1,20251109,20251209,810
1,1,1,1,1,1,1,20251109,20251209,84
1,1,1,1,1,1,1,20251109,20251209,907
1,1,1,1,1,1,1,20251109,20251209,916
1,1,1,1,1,1,1,20251109,20251209,922
1,1,1,1,1,1,1,20251109,20251209,933
1,1,1,1,1,1,1,20251109,20251209,944
1,1,1,1,1,1,1,20251110,20251116,939
1,1,1,1,1,1,1,20251110,20251118,15
1,1,1,1,1,1,1,20251110,20251129,836
1,1,1,1,1,1,1,20251110,20251130,184
1,1,1,1,1,1,1,20251110,20251130,212
1,1,1,1,1,1,1,20251110,20251130,248
1,1,1,1,1,1,1,20251110,20251130,593
1,1,1,1,1,1,1,20251110,20251130,650
1,1,1,1,1,1,1,20251110,20251130,715
1,1,1,1,1,1,1,20251110,20251130,81
1,1,1,1,1,1,1,20251110,20251209,181
1,1,1,1,1,1,1,20251110,20251209,266
1,1,1,1,1,1,1,20251110,20251209,343
1,1,1,1,1,1,1,20251110,20251209,354
1,1,1,1,1,1,1,20251110,20251209,363
1,1,1,1,1,1,1,20251110,20251209,459
1,1,1,1,1,1,1,20251110,20251209,47
1,1,1,1,1,1,1,20251110,20251209,562
1,1,1,1,1,1,1,20251110,20251209,695
1,1,1,1,1,1,1,20251110,20251209,714
1,1,1,1,1,1,1,20251110,20251209,747
1,1,1,1,1,1,1,20251110,20251209,788
1,1,1,1,1,1,1,20251110,20251209,859
1,1,1,1,1,1,1,20251110,20251209,888
1,1,1,1,1,1,1,20251111,20251117,1004
1,1,1,1,1,1,1,20251111,20251118,946
1,1,1,1,1,1,1,20251111,20251120,627
1,1,1,1,1,1,1,20251111,20251121,1015
1,1,1,1,1,1,1,20251111,20251209,1002
1,1,1,1,1,1,1,20251111,20251209,766
1,1,1,1,1,1,1,20251112,20251128,107
1,1,1,1,1,1,1,20251112,20251209,578
1,1,1,1,1,1,1,20251113,20251121,849
1,1,1,1,1,1,1,20251114,20251121,315
1,1,1,1,1,1,1,20251114,20251123,474
1,1,1,1,1,1,1,20251114,20251209,652
1,1,1,1,1,1,1,20251114,20251209,689
1,1,1,1,1,1,1,20251114,20251209,706
1,1,1,1,1,1,1,20251115,20251121,539
1,1,1,1,1,1,1,20251115,20251123,476
1,1,1,1,1,1,1,20251115,20251128,141
1,1,1,1,1,1,1,20251115,20251130,1016
1,1,1,1,1,1,1,20251115,20251130,189
1,1,1,1,1,1,1,20251115,20251201,442
1,1,1,1,1,1,1,20251115,20251208,431
1,1,1,1,1,1,1,20251115,20251209,206
1,1,1,1,1,1,1,20251115,20251209,287
1,1,1,1,1,1,1,20251115,20251209,297
1,1,1,1,1,1,1,20251115,20251209,530
1,1,1,1,1,1,1,20251115,20251209,580
1,1,1,1,1,1,1,20251115,20251209,702
1,1,1,1,1,1,1,20251116,20251123,97
1,1,1,1,1,1,1,20251116,20251203,1018
1,1,1,1,1,1,1,20251116,20251209,666
1,1,1,1,1,1,1,20251117,20251123,492
1,1,1,1,1,1,1,20251117,20251128,752
1,1,1,1,1,1,1,20251117,20251207,182
1,1,1,1,1,1,1,20251117,20251209,145
1,1,1,1,1,1,1,20251117,20251209,671
1,1,1,1,1,1,1,20251117,20251209,799
1,1,1,1,1,1,1,20251118,20251124,983
1,1,1,1,1,1,1,20251118,20251127,975
1,1,1,1,1,1,1,20251118,20251209,54
1,1,1,1,1,1,1,20251118,20251209,709
1,1,1,1,1,1,1,20251119,20251127,268
1,1,1,1,1,1,1,20251119,20251128,451
1,1,1,1,1,1,1,20251119,20251130,558
1,1,1,1,1,1,1,20251119,20251209,103
1,1,1,1,1,1,1,20251119,20251209,191
1,1,1,1,1,1,1,20251119,20251209,41
1,1,1,1,1,1,1,20251119,20251209,432
1,1,1,1,1,1,1,20251119,20251209,721
1,1,1,1,1,1,1,20251119,20251209,930
1,1,1,1,1,1,1,20251120,20251130,478
1,1,1,1,1,1,1,20251120,20251209,1009
1,1,1,1,1,1,1,20251120,20251209,370
1,1,1,1,1,1,1,20251122,20251208,423
1,1,1,1,1,1,1,20251122,20251209,467
1,1,1,1,1,1,1,20251122,20251209,600
1,1,1,1,1,1,1,20251123,20251209,246
1,1,1,1,1,1,1,20251123,20251209,409
1,1,1,1,1,1,1,20251124,20251130,366
1,1,1,1,1,1,1,20251124,20251204,188
1,1,1,1,1,1,1,20251124,20251207,477
1,1,1,1,1,1,1,20251124,20251207,528
1,1,1,1,1,1,1,20251124,20251208,123
1,1,1,1,1,1,1,20251124,20251209,203
1,1,1,1,1,1,1,20251124,20251209,207
1,1,1,1,1,1,1,20251124,20251209,400
1,1,1,1,1,1,1,20251124,20251209,404
1,1,1,1,1,1,1,20251124,20251209,598
1,1,1,1,1,1,1,20251124,20251209,774
1,1,1,1,1,1,1,20251124,20251209,838
1,1,1,1,1,1,1,20251125,20251201,738
1,1,1,1,1,1,1,20251125,20251204,347
1,1,1,1,1,1,1,20251125,20251208,319
1,1,1,1,1,1,1,20251125,20251208,948
1,1,1,1,1,1,1,20251125,20251209,438
1,1,1,1,1,1,1,20251125,20251209,687
1,1,1,1,1,1,1,20251126,20251209,104
1,1,1,1,1,1,1,20251126,20251209,407
1,1,1,1,1,1,1,20251128,20251205,173
1,1,1,1,1,1,1,20251128,20251207,521
1,1,1,1,1,1,1,20251128,20251208,144
1,1,1,1,1,1,1,20251129,20251207,375
1,1,1,1,1,1,1,20251129,20251208,180
1,1,1,1,1,1,1,20251129,20251209,790
1,1,1,1,1,1,1,20251130,20251206,614
1,1,1,1,1,1,1,20251130,20251207,564
1,1,1,1,1,1,1,20251130,20251207,743
1,1,1,1,1,1,1,20251130,20251208,487
1,1,1,1,1,1,1,20251130,20251209,300
1,1,1,1,1,1,1,20251130,20251209,711
1,1,1,1,1,1,1,20251201,20251207,697
1,1,1,1,1,1,1,20251201,20251208,551
1,1,1,1,1,1,1,20251201,20251209,196
1,1,1,1,1,1,1,20251201,20251209,826
1,1,1,1,1,1,1,20251201,20251209,910
1,1,1,1,1,1,1,20251202,20251207,748
1,1,1,1,1,1,1,20251202,20251209,49
1,1,1,1,1,1,1,20251203,20251209,831
