service_id,exception_type,date
100,2,20251116
1001,2,20251110
1001,2,20251111
1001,2,20251121
1001,2,20251130
1003,2,20251128
1003,2,20251130
1006,1,20251110
1006,1,20251123
1007,1,20251129
1007,1,20251130
101,2,20251115
1011,1,20251128
1011,1,20251205
1011,1,20251206
1011,1,20251207
1011,2,20251117
1011,2,20251118
1012,1,20251129
1012,1,20251205
1012,1,20251206
1012,2,20251110
1012,2,20251116
1012,2,20251120
1012,2,20251125
1012,2,20251126
1012,2,20251207
1013,1,20251208
1013,2,20251117
1013,2,20251118
1013,2,20251119
1013,2,20251120
1014,1,20251110
1014,1,20251111
1014,2,20251113
1014,2,20251116
1017,1,20251112
1017,1,20251125
1017,2,20251127
1020,1,20251204
1020,1,20251208
1020,1,20251209
1020,2,20251122
1020,2,20251130
103,1,20251109
103,1,20251111
103,1,20251112
104,1,20251112
104,1,20251119
104,1,20251121
104,1,20251124
104,1,20251125
109,1,20251121
109,1,20251203
112,2,20251208
113,1,20251129
115,2,20251111
116,1,20251207
119,2,20251201
12,2,20251123
121,1,20251203
121,2,20251205
122,1,20251129
122,1,20251130
124,1,20251116
127,1,20251122
127,1,20251205
127,1,20251206
127,1,20251208
127,1,20251209
127,2,20251113
127,2,20251114
127,2,20251117
127,2,20251118
128,2,20251114
128,2,20251115
128,2,20251116
128,2,20251118
129,1,20251121
129,1,20251205
129,1,20251206
129,1,20251207
129,1,20251208
129,1,20251209
13,1,20251207
13,2,20251116
13,2,20251117
13,2,20251118
130,1,20251128
130,2,20251113
130,2,20251115
130,2,20251116
130,2,20251117
130,2,20251118
130,2,20251201
130,2,20251202
131,1,20251111
131,1,20251122
131,1,20251204
131,1,20251206
131,1,20251207
131,1,20251208
131,1,20251209
131,2,20251113
131,2,20251114
131,2,20251116
131,2,20251117
138,1,20251109
138,1,20251110
138,1,20251111
138,1,20251112
138,1,20251113
139,1,20251128
14,1,20251110
14,1,20251204
14,2,20251208
140,1,20251205
140,2,20251117
140,2,20251122
140,2,20251123
141,1,20251130
141,2,20251124
141,2,20251125
141,2,20251126
141,2,20251127
142,2,20251111
142,2,20251112
145,1,20251109
146,1,20251110
148,2,20251111
148,2,20251112
149,2,20251130
150,2,20251119
153,2,20251121
153,2,20251203
156,1,20251204
156,1,20251205
158,1,20251119
158,2,20251123
16,2,20251122
165,1,20251119
168,1,20251117
168,1,20251122
169,1,20251116
17,2,20251123
171,1,20251124
171,1,20251125
171,1,20251126
171,1,20251127
171,1,20251208
171,1,20251209
172,2,20251114
172,2,20251115
172,2,20251125
172,2,20251207
174,1,20251208
174,1,20251209
175,1,20251204
175,1,20251209
175,2,20251124
176,1,20251110
176,1,20251116
176,1,20251125
176,1,20251126
176,2,20251121
178,2,20251130
179,1,20251109
179,1,20251129
179,1,20251130
179,2,20251114
179,2,20251117
179,2,20251119
18,1,20251112
181,2,20251202
182,2,20251118
182,2,20251124
182,2,20251127
182,2,20251128
182,2,20251129
183,1,20251121
183,2,20251113
184,2,20251129
185,2,20251115
186,1,20251118
186,2,20251120
187,1,20251110
187,1,20251111
187,1,20251112
187,1,20251118
187,1,20251119
187,1,20251120
187,1,20251123
187,1,20251209
187,2,20251201
189,1,20251208
189,1,20251209
19,2,20251114
190,1,20251110
191,1,20251109
191,1,20251110
191,1,20251111
192,1,20251119
193,1,20251125
194,2,20251206
195,1,20251127
195,1,20251208
195,1,20251209
198,2,20251116
198,2,20251121
198,2,20251123
199,1,20251116
199,1,20251123
201,1,20251114
202,1,20251109
202,1,20251129
202,1,20251130
203,1,20251109
203,1,20251110
203,1,20251111
203,1,20251112
203,1,20251113
204,1,20251121
204,1,20251207
206,2,20251205
206,2,20251206
206,2,20251207
207,1,20251109
207,1,20251110
207,1,20251111
207,1,20251112
207,1,20251113
207,1,20251114
208,1,20251126
208,1,20251127
208,1,20251128
210,1,20251122
211,1,20251110
211,1,20251128
212,2,20251113
212,2,20251114
212,2,20251115
212,2,20251116
212,2,20251117
214,1,20251122
214,1,20251205
214,1,20251206
214,1,20251207
214,1,20251208
214,1,20251209
214,2,20251113
214,2,20251114
214,2,20251116
214,2,20251117
214,2,20251118
215,2,20251113
215,2,20251114
215,2,20251117
215,2,20251118
215,2,20251125
215,2,20251126
216,1,20251109
216,1,20251127
216,1,20251128
216,1,20251203
217,2,20251110
217,2,20251116
217,2,20251120
217,2,20251125
217,2,20251126
218,1,20251113
218,1,20251114
219,2,20251117
219,2,20251118
219,2,20251119
222,2,20251121
222,2,20251127
227,1,20251129
227,1,20251130
227,1,20251206
227,1,20251207
228,1,20251109
228,1,20251110
228,1,20251111
228,1,20251123
229,1,20251207
23,1,20251209
23,2,20251116
234,1,20251110
234,1,20251112
234,1,20251113
234,1,20251114
234,1,20251209
238,1,20251129
239,1,20251110
239,1,20251112
239,1,20251113
239,1,20251114
239,1,20251201
24,1,20251208
24,1,20251209
240,1,20251109
240,1,20251110
240,1,20251130
240,1,20251204
240,1,20251208
240,1,20251209
242,1,20251130
242,1,20251205
243,1,20251126
243,1,20251204
243,2,20251125
246,1,20251109
246,1,20251110
246,1,20251122
247,1,20251207
248,2,20251116
249,1,20251117
249,1,20251204
252,1,20251122
254,2,20251113
254,2,20251114
254,2,20251117
254,2,20251118
255,1,20251115
255,1,20251206
257,1,20251109
257,2,20251113
257,2,20251117
257,2,20251118
257,2,20251124
257,2,20251125
259,2,20251124
263,1,20251111
264,1,20251208
264,1,20251209
265,1,20251114
266,2,20251205
267,1,20251110
269,1,20251207
27,1,20251115
27,1,20251129
27,2,20251123
27,2,20251207
272,2,20251129
273,1,20251129
273,1,20251130
275,1,20251209
276,1,20251205
276,1,20251208
276,1,20251209
277,1,20251122
277,1,20251129
277,2,20251114
277,2,20251117
277,2,20251118
277,2,20251119
279,1,20251109
279,1,20251110
280,1,20251111
280,1,20251124
280,2,20251208
283,1,20251123
284,1,20251109
284,1,20251130
287,2,20251129
287,2,20251130
287,2,20251201
287,2,20251202
287,2,20251203
287,2,20251204
291,1,20251207
291,1,20251208
291,1,20251209
292,1,20251129
292,1,20251207
292,1,20251209
293,2,20251117
293,2,20251204
294,2,20251113
294,2,20251114
294,2,20251115
294,2,20251116
294,2,20251117
294,2,20251118
297,2,20251117
297,2,20251118
297,2,20251119
297,2,20251205
298,1,20251209
299,2,20251115
30,1,20251110
30,1,20251111
30,1,20251126
303,1,20251208
303,1,20251209
307,1,20251208
307,1,20251209
31,1,20251123
31,1,20251130
31,1,20251207
31,1,20251208
31,1,20251209
31,2,20251115
312,1,20251128
313,1,20251130
314,2,20251124
316,1,20251122
321,1,20251110
321,1,20251111
321,1,20251118
322,1,20251111
322,1,20251112
322,1,20251119
322,1,20251121
322,1,20251123
322,1,20251124
322,1,20251126
322,1,20251206
322,2,20251130
322,2,20251201
322,2,20251202
323,1,20251110
323,1,20251121
326,1,20251121
326,1,20251122
326,1,20251123
326,1,20251208
326,1,20251209
326,2,20251113
326,2,20251117
326,2,20251118
328,1,20251207
329,2,20251115
329,2,20251116
33,1,20251122
33,1,20251129
330,2,20251206
332,1,20251127
332,2,20251129
335,2,20251113
335,2,20251114
335,2,20251116
335,2,20251117
335,2,20251118
335,2,20251201
336,1,20251112
336,1,20251203
336,1,20251205
337,1,20251110
337,1,20251111
337,1,20251112
337,1,20251113
338,1,20251119
338,1,20251120
339,1,20251122
340,1,20251204
341,1,20251110
341,1,20251206
342,1,20251109
342,1,20251110
342,1,20251111
342,1,20251129
343,2,20251113
343,2,20251122
343,2,20251123
344,1,20251109
344,1,20251121
344,1,20251122
344,1,20251128
344,1,20251129
344,2,20251202
345,1,20251204
346,1,20251122
346,1,20251206
346,2,20251113
346,2,20251114
346,2,20251117
346,2,20251118
346,2,20251201
346,2,20251202
346,2,20251203
348,1,20251114
348,1,20251123
349,1,20251206
35,1,20251115
350,1,20251112
350,1,20251117
350,1,20251124
350,1,20251125
351,2,20251120
351,2,20251129
354,2,20251113
354,2,20251114
354,2,20251115
354,2,20251116
354,2,20251117
354,2,20251118
355,1,20251109
356,1,20251113
356,1,20251116
358,1,20251201
358,1,20251205
358,1,20251209
358,2,20251124
359,1,20251123
360,2,20251117
360,2,20251118
360,2,20251208
361,2,20251123
361,2,20251205
361,2,20251207
363,2,20251122
363,2,20251123
367,1,20251126
367,1,20251127
367,1,20251208
367,2,20251202
370,2,20251122
370,2,20251123
371,1,20251127
371,1,20251128
372,2,20251116
372,2,20251130
374,1,20251110
374,1,20251111
374,1,20251112
376,1,20251128
376,1,20251202
377,1,20251116
377,1,20251121
379,1,20251130
379,1,20251207
379,2,20251115
38,2,20251130
380,1,20251208
380,1,20251209
381,1,20251201
381,1,20251205
381,2,20251118
381,2,20251120
381,2,20251124
382,1,20251109
382,1,20251111
382,1,20251201
383,1,20251110
383,1,20251118
383,1,20251123
383,1,20251207
383,1,20251208
383,1,20251209
383,2,20251129
383,2,20251203
384,1,20251201
386,1,20251113
386,1,20251114
386,1,20251124
386,1,20251125
386,1,20251126
389,1,20251125
389,1,20251126
389,1,20251127
389,1,20251128
389,1,20251205
389,1,20251208
389,1,20251209
39,1,20251110
39,1,20251112
39,1,20251113
390,1,20251122
390,1,20251207
390,1,20251208
390,1,20251209
390,2,20251130
390,2,20251201
390,2,20251202
390,2,20251203
390,2,20251204
391,1,20251110
391,1,20251122
391,1,20251123
391,1,20251128
391,1,20251129
392,2,20251111
397,2,20251128
399,1,20251207
4,1,20251130
404,1,20251109
404,1,20251110
407,1,20251112
407,1,20251113
407,1,20251119
407,1,20251120
407,1,20251121
407,1,20251124
407,1,20251125
408,1,20251121
409,1,20251109
409,1,20251110
409,1,20251111
409,1,20251112
409,1,20251113
409,1,20251114
410,1,20251202
412,1,20251117
412,1,20251204
412,2,20251122
412,2,20251126
413,1,20251207
414,2,20251117
415,2,20251123
417,2,20251111
417,2,20251116
417,2,20251204
418,1,20251113
42,1,20251120
421,1,20251128
422,1,20251117
422,1,20251118
422,1,20251121
424,1,20251111
427,1,20251109
427,1,20251110
427,1,20251122
427,1,20251201
427,1,20251204
428,1,20251110
429,1,20251110
429,1,20251111
429,1,20251112
429,1,20251128
43,1,20251122
43,2,20251114
43,2,20251116
432,2,20251122
432,2,20251123
433,1,20251130
435,1,20251112
435,1,20251130
437,1,20251127
437,1,20251204
439,1,20251128
44,1,20251208
44,1,20251209
44,2,20251113
44,2,20251117
44,2,20251118
440,1,20251111
440,1,20251112
440,1,20251113
440,1,20251129
440,1,20251130
442,1,20251208
442,1,20251209
444,1,20251128
445,2,20251122
445,2,20251123
446,1,20251124
446,1,20251208
450,2,20251202
453,1,20251111
453,1,20251128
453,1,20251209
453,2,20251113
453,2,20251115
453,2,20251116
453,2,20251117
453,2,20251201
454,1,20251109
454,1,20251113
454,1,20251117
455,1,20251111
455,1,20251119
456,2,20251112
457,1,20251205
458,1,20251114
458,1,20251115
459,2,20251115
46,2,20251117
460,1,20251109
464,1,20251109
464,1,20251130
464,1,20251207
464,2,20251121
464,2,20251122
464,2,20251203
467,2,20251206
470,2,20251115
470,2,20251116
470,2,20251117
471,2,20251118
471,2,20251127
471,2,20251208
479,1,20251208
479,1,20251209
48,1,20251126
481,1,20251118
482,1,20251110
485,2,20251121
486,1,20251207
486,2,20251129
487,1,20251109
487,1,20251110
487,1,20251128
487,1,20251129
488,1,20251114
488,1,20251115
488,1,20251129
488,2,20251123
488,2,20251125
488,2,20251201
488,2,20251207
489,2,20251122
489,2,20251123
490,1,20251128
490,1,20251205
490,2,20251113
490,2,20251115
490,2,20251117
491,1,20251209
493,1,20251109
493,1,20251207
493,1,20251208
493,1,20251209
494,2,20251125
495,1,20251122
496,1,20251109
496,2,20251113
496,2,20251114
496,2,20251117
496,2,20251118
497,1,20251118
50,1,20251121
50,1,20251128
50,2,20251113
50,2,20251117
50,2,20251118
50,2,20251119
501,1,20251124
501,1,20251125
501,1,20251126
501,1,20251127
501,1,20251128
501,1,20251208
501,1,20251209
507,2,20251125
51,2,20251129
510,2,20251123
511,1,20251109
511,1,20251130
512,1,20251127
512,1,20251128
515,1,20251109
515,2,20251204
516,2,20251129
519,1,20251110
519,1,20251111
519,1,20251112
519,1,20251120
519,1,20251121
519,1,20251122
52,2,20251123
520,1,20251118
520,1,20251203
522,2,20251123
523,1,20251117
524,2,20251114
524,2,20251115
524,2,20251116
525,1,20251130
527,1,20251128
527,1,20251205
527,2,20251113
527,2,20251115
527,2,20251116
527,2,20251117
527,2,20251118
527,2,20251201
527,2,20251202
528,1,20251109
53,1,20251123
53,2,20251129
530,2,20251116
531,1,20251127
531,1,20251208
532,1,20251122
532,1,20251129
532,2,20251116
535,1,20251203
537,2,20251114
538,2,20251113
538,2,20251114
538,2,20251116
538,2,20251117
538,2,20251118
538,2,20251130
538,2,20251201
538,2,20251202
538,2,20251203
54,2,20251121
54,2,20251122
54,2,20251123
540,1,20251122
541,1,20251109
541,1,20251122
541,1,20251203
541,1,20251205
543,1,20251202
546,1,20251129
547,1,20251119
549,1,20251117
552,2,20251128
553,1,20251125
553,2,20251128
554,1,20251112
554,1,20251126
554,2,20251117
554,2,20251121
554,2,20251123
554,2,20251204
554,2,20251207
556,1,20251110
556,1,20251120
556,1,20251121
557,1,20251109
562,2,20251112
562,2,20251201
563,1,20251128
563,1,20251208
563,1,20251209
564,1,20251109
564,1,20251128
564,1,20251129
565,1,20251124
565,1,20251125
565,1,20251126
565,1,20251127
565,1,20251208
565,1,20251209
566,1,20251111
566,1,20251201
568,1,20251128
568,1,20251129
568,1,20251130
569,2,20251126
570,1,20251111
570,1,20251112
570,1,20251128
571,1,20251110
571,1,20251124
571,1,20251125
572,1,20251123
574,1,20251205
574,1,20251208
574,1,20251209
577,1,20251126
577,1,20251127
577,1,20251208
577,2,20251202
578,2,20251129
578,2,20251130
578,2,20251201
578,2,20251202
578,2,20251203
578,2,20251204
579,2,20251129
58,1,20251121
58,1,20251205
58,1,20251206
58,1,20251208
58,1,20251209
580,2,20251203
580,2,20251204
580,2,20251205
580,2,20251206
584,1,20251206
587,1,20251129
587,1,20251130
589,1,20251129
589,1,20251130
59,2,20251114
59,2,20251116
590,1,20251128
590,2,20251117
590,2,20251120
591,1,20251115
591,1,20251206
591,1,20251207
592,2,20251125
592,2,20251207
595,1,20251127
596,2,20251118
596,2,20251119
596,2,20251120
596,2,20251121
598,1,20251110
598,1,20251111
598,1,20251112
598,1,20251113
598,1,20251114
598,1,20251122
598,1,20251123
599,1,20251203
60,1,20251121
601,1,20251109
601,2,20251117
601,2,20251120
601,2,20251125
603,1,20251209
606,2,20251206
608,1,20251208
61,2,20251129
61,2,20251130
611,1,20251127
613,1,20251128
613,1,20251129
613,1,20251205
613,1,20251206
613,2,20251116
613,2,20251117
614,1,20251109
614,1,20251128
614,1,20251129
615,1,20251208
615,1,20251209
616,1,20251122
616,1,20251206
616,2,20251113
616,2,20251114
616,2,20251116
616,2,20251117
616,2,20251118
616,2,20251130
616,2,20251201
616,2,20251202
616,2,20251203
617,1,20251109
618,1,20251126
618,1,20251127
618,1,20251128
619,2,20251114
620,1,20251109
620,1,20251130
620,1,20251207
620,2,20251121
621,1,20251118
622,1,20251115
622,2,20251123
624,1,20251116
624,1,20251127
624,1,20251208
624,1,20251209
626,1,20251207
626,2,20251208
628,1,20251121
628,1,20251122
628,1,20251203
63,1,20251126
63,1,20251206
63,1,20251207
63,1,20251208
63,2,20251202
632,1,20251125
634,1,20251109
634,1,20251113
634,1,20251114
634,1,20251115
635,1,20251128
636,1,20251208
636,1,20251209
638,1,20251109
638,1,20251110
638,1,20251112
638,1,20251113
638,1,20251114
638,1,20251206
638,1,20251207
640,2,20251114
640,2,20251118
640,2,20251119
641,1,20251114
641,1,20251205
641,2,20251120
641,2,20251126
641,2,20251202
642,1,20251203
643,1,20251117
643,1,20251118
643,1,20251119
644,1,20251122
645,1,20251128
645,2,20251118
646,1,20251116
646,2,20251122
647,1,20251208
648,1,20251110
648,1,20251111
648,1,20251112
648,1,20251128
648,1,20251130
650,2,20251113
650,2,20251114
650,2,20251115
650,2,20251116
652,2,20251117
652,2,20251204
652,2,20251206
653,1,20251111
653,1,20251204
654,1,20251123
656,1,20251109
656,1,20251115
656,1,20251130
656,1,20251207
657,2,20251114
657,2,20251116
659,1,20251109
659,1,20251130
66,1,20251110
66,1,20251111
66,1,20251112
66,1,20251128
660,1,20251123
660,1,20251208
660,1,20251209
661,1,20251208
661,1,20251209
661,2,20251113
661,2,20251114
661,2,20251117
661,2,20251118
663,2,20251113
663,2,20251114
663,2,20251117
663,2,20251118
663,2,20251201
663,2,20251202
663,2,20251203
664,1,20251109
664,1,20251130
664,1,20251207
664,2,20251203
667,1,20251117
67,1,20251121
67,1,20251122
67,1,20251128
67,1,20251129
67,2,20251113
67,2,20251116
67,2,20251117
671,1,20251109
671,1,20251115
671,2,20251202
671,2,20251203
671,2,20251205
671,2,20251206
672,1,20251112
674,2,20251205
678,1,20251201
678,1,20251206
678,1,20251208
68,1,20251112
68,1,20251113
68,1,20251126
68,1,20251127
68,2,20251116
68,2,20251117
68,2,20251118
68,2,20251121
68,2,20251201
68,2,20251202
680,2,20251116
683,2,20251114
683,2,20251117
683,2,20251118
684,1,20251209
685,1,20251109
685,1,20251122
685,1,20251128
685,1,20251129
685,1,20251203
685,1,20251204
685,2,20251207
686,2,20251206
686,2,20251207
687,1,20251109
687,1,20251110
687,1,20251111
687,1,20251112
687,1,20251113
687,1,20251114
688,1,20251121
688,1,20251205
688,1,20251208
688,1,20251209
689,2,20251117
689,2,20251204
693,2,20251130
693,2,20251201
693,2,20251202
693,2,20251203
694,1,20251128
694,1,20251205
694,2,20251113
694,2,20251124
694,2,20251125
694,2,20251202
695,2,20251117
695,2,20251118
696,1,20251110
696,1,20251111
698,1,20251129
698,1,20251202
699,1,20251124
700,2,20251206
704,1,20251130
704,1,20251207
704,2,20251113
704,2,20251114
704,2,20251115
704,2,20251117
704,2,20251118
705,1,20251110
705,1,20251111
705,1,20251112
705,1,20251127
705,1,20251128
705,1,20251129
707,1,20251117
707,1,20251120
707,1,20251204
707,1,20251205
707,1,20251207
708,1,20251110
708,1,20251111
708,1,20251112
71,1,20251110
71,1,20251111
71,1,20251112
710,2,20251204
711,1,20251109
711,1,20251110
711,1,20251111
711,1,20251112
711,1,20251128
711,1,20251129
713,1,20251130
713,1,20251207
714,2,20251114
714,2,20251115
714,2,20251116
715,2,20251122
715,2,20251123
716,1,20251120
716,1,20251121
716,1,20251127
716,1,20251128
716,2,20251115
716,2,20251116
716,2,20251117
716,2,20251118
716,2,20251203
717,1,20251125
717,1,20251205
717,1,20251206
717,1,20251207
717,1,20251208
717,1,20251209
718,1,20251207
72,1,20251111
721,2,20251206
723,1,20251129
723,2,20251116
723,2,20251205
725,1,20251119
725,1,20251120
725,1,20251121
726,2,20251201
726,2,20251208
727,2,20251129
727,2,20251201
727,2,20251202
727,2,20251203
727,2,20251204
728,2,20251122
729,1,20251115
732,1,20251109
732,1,20251110
732,1,20251111
732,1,20251112
732,1,20251128
732,1,20251129
734,2,20251112
734,2,20251130
736,1,20251122
736,1,20251123
737,1,20251124
737,1,20251205
740,1,20251109
740,1,20251110
740,1,20251111
740,1,20251124
740,1,20251128
740,1,20251208
740,1,20251209
741,1,20251122
741,1,20251125
741,1,20251126
741,1,20251127
741,1,20251129
741,1,20251206
741,1,20251208
741,1,20251209
742,2,20251113
742,2,20251114
742,2,20251115
742,2,20251116
742,2,20251117
742,2,20251118
742,2,20251208
747,2,20251118
748,1,20251125
748,1,20251129
748,1,20251130
748,1,20251201
749,1,20251128
749,1,20251206
75,1,20251127
750,1,20251111
750,1,20251124
751,2,20251113
751,2,20251114
751,2,20251116
751,2,20251117
751,2,20251118
753,1,20251125
753,1,20251126
753,1,20251127
753,1,20251128
753,1,20251205
753,1,20251208
753,1,20251209
756,2,20251113
757,1,20251109
757,1,20251110
757,1,20251122
757,1,20251203
758,1,20251201
759,1,20251126
759,1,20251205
759,1,20251207
759,1,20251208
759,2,20251202
76,1,20251110
76,1,20251111
76,1,20251112
76,1,20251128
760,1,20251109
761,1,20251113
762,1,20251128
762,2,20251129
763,1,20251109
763,1,20251207
765,1,20251129
765,1,20251130
766,2,20251122
766,2,20251123
767,2,20251115
769,2,20251117
770,2,20251117
770,2,20251204
771,1,20251110
774,1,20251109
774,1,20251118
774,1,20251119
774,1,20251120
777,1,20251109
777,1,20251110
777,1,20251111
777,1,20251119
777,1,20251126
777,2,20251130
777,2,20251201
777,2,20251202
778,2,20251114
778,2,20251117
779,1,20251122
779,1,20251129
779,2,20251114
779,2,20251116
782,1,20251125
782,1,20251205
783,1,20251110
783,1,20251112
783,1,20251113
783,1,20251126
783,1,20251127
783,1,20251208
783,2,20251116
783,2,20251118
783,2,20251121
783,2,20251202
784,1,20251122
786,2,20251125
788,2,20251114
788,2,20251115
788,2,20251116
788,2,20251117
788,2,20251118
789,1,20251110
789,1,20251122
791,1,20251112
791,1,20251121
791,1,20251201
791,1,20251207
792,1,20251116
793,1,20251114
799,1,20251109
799,2,20251204
80,1,20251128
80,2,20251119
80,2,20251201
801,1,20251209
804,1,20251109
804,1,20251204
805,1,20251123
805,2,20251118
807,1,20251110
807,1,20251111
807,1,20251112
807,1,20251113
807,1,20251208
807,1,20251209
809,2,20251112
809,2,20251201
81,2,20251115
810,2,20251127
810,2,20251128
810,2,20251129
811,1,20251109
811,1,20251110
811,1,20251111
811,1,20251112
811,1,20251113
812,1,20251109
812,1,20251129
813,1,20251110
813,1,20251111
813,1,20251121
814,1,20251124
814,1,20251207
814,1,20251208
815,1,20251127
815,1,20251208
815,1,20251209
816,1,20251110
816,1,20251111
816,1,20251112
817,1,20251205
818,2,20251117
819,1,20251115
819,1,20251129
819,2,20251123
819,2,20251205
819,2,20251207
82,1,20251112
820,2,20251115
820,2,20251116
821,2,20251202
826,1,20251110
826,1,20251111
826,1,20251112
826,1,20251127
826,1,20251128
826,1,20251129
826,1,20251130
827,1,20251207
828,1,20251111
828,1,20251112
83,1,20251206
835,1,20251114
835,1,20251124
835,1,20251125
835,1,20251126
835,1,20251127
837,1,20251114
838,1,20251109
839,1,20251112
839,1,20251122
839,1,20251206
84,2,20251118
84,2,20251124
84,2,20251128
84,2,20251129
84,2,20251130
84,2,20251201
84,2,20251207
840,1,20251124
840,1,20251125
840,1,20251126
840,1,20251127
840,1,20251128
840,1,20251208
840,1,20251209
843,1,20251118
843,1,20251124
843,1,20251130
844,1,20251111
844,1,20251121
847,1,20251110
847,1,20251112
847,1,20251113
847,1,20251126
847,1,20251127
847,1,20251208
847,2,20251115
847,2,20251116
847,2,20251118
847,2,20251121
847,2,20251202
85,2,20251112
850,1,20251126
850,1,20251127
851,1,20251125
853,1,20251109
853,1,20251110
853,1,20251111
853,1,20251119
853,1,20251122
853,1,20251126
853,1,20251206
853,1,20251209
853,2,20251130
853,2,20251201
854,1,20251110
854,1,20251112
854,1,20251113
854,2,20251208
857,1,20251122
857,1,20251206
857,1,20251207
857,1,20251208
857,1,20251209
859,2,20251129
859,2,20251130
861,1,20251205
861,1,20251206
861,1,20251208
861,1,20251209
864,1,20251115
865,2,20251117
865,2,20251204
866,1,20251109
866,1,20251110
866,1,20251111
866,1,20251112
866,1,20251128
866,1,20251129
867,1,20251129
868,1,20251122
868,1,20251206
872,1,20251121
875,1,20251119
875,1,20251121
876,1,20251111
876,1,20251112
876,1,20251130
876,1,20251207
877,2,20251129
877,2,20251130
878,1,20251203
881,1,20251129
881,1,20251206
881,2,20251113
881,2,20251114
881,2,20251116
881,2,20251117
881,2,20251118
881,2,20251123
882,1,20251110
882,1,20251128
883,1,20251122
883,1,20251123
883,1,20251201
883,1,20251202
883,1,20251203
883,1,20251205
883,1,20251207
884,1,20251113
885,2,20251118
885,2,20251119
886,1,20251130
887,1,20251202
887,1,20251203
888,2,20251121
888,2,20251122
888,2,20251123
89,1,20251124
892,1,20251109
892,1,20251113
892,1,20251125
892,1,20251126
893,1,20251128
893,1,20251207
894,1,20251128
894,1,20251205
894,2,20251113
895,2,20251122
895,2,20251123
898,1,20251208
898,1,20251209
899,2,20251130
901,1,20251205
901,1,20251206
901,1,20251208
901,1,20251209
902,1,20251110
905,1,20251122
905,1,20251128
905,1,20251206
905,2,20251113
905,2,20251117
905,2,20251118
905,2,20251201
905,2,20251202
905,2,20251203
906,1,20251109
906,2,20251204
907,2,20251113
907,2,20251114
907,2,20251115
907,2,20251116
907,2,20251117
908,1,20251203
908,1,20251204
908,1,20251209
908,2,20251205
910,1,20251110
910,1,20251111
910,1,20251112
910,1,20251128
910,1,20251129
910,1,20251130
912,1,20251204
913,1,20251110
913,1,20251112
913,1,20251113
913,1,20251208
913,1,20251209
915,1,20251122
915,1,20251206
915,2,20251116
915,2,20251130
916,2,20251115
916,2,20251116
917,1,20251204
920,1,20251123
922,2,20251118
922,2,20251124
922,2,20251127
922,2,20251128
923,1,20251115
924,1,20251110
926,1,20251123
927,1,20251207
928,2,20251206
930,2,20251123
930,2,20251124
933,2,20251116
933,2,20251117
933,2,20251118
933,2,20251119
933,2,20251120
933,2,20251121
933,2,20251122
933,2,20251123
935,1,20251202
938,2,20251130
942,2,20251117
942,2,20251128
942,2,20251206
944,2,20251125
944,2,20251126
944,2,20251127
944,2,20251128
948,1,20251109
948,1,20251110
95,1,20251129
950,1,20251109
953,2,20251117
953,2,20251118
953,2,20251119
953,2,20251120
956,2,20251118
956,2,20251120
961,2,20251121
963,1,20251121
963,1,20251128
963,2,20251116
964,1,20251208
965,1,20251110
965,1,20251128
965,1,20251129
966,1,20251121
968,1,20251130
969,1,20251125
971,2,20251112
971,2,20251113
971,2,20251125
971,2,20251128
971,2,20251130
973,1,20251109
973,1,20251110
973,1,20251122
973,1,20251128
973,1,20251129
973,2,20251207
976,1,20251122
976,1,20251208
976,1,20251209
977,1,20251115
978,1,20251208
979,1,20251127
979,1,20251209
98,2,20251114
98,2,20251203
982,2,20251113
982,2,20251114
982,2,20251115
982,2,20251116
984,1,20251129
984,1,20251130
984,1,20251206
985,1,20251114
985,1,20251118
985,1,20251119
986,2,20251122
987,1,20251129
988,1,20251122
988,1,20251204
988,1,20251206
988,1,20251207
988,1,20251208
988,1,20251209
989,1,20251201
989,2,20251129
989,2,20251130
99,1,20251121
99,1,20251206
99,1,20251207
990,1,20251122
990,1,20251205
990,1,20251206
990,2,20251113
990,2,20251114
990,2,20251117
990,2,20251118
991,1,20251129
991,1,20251130
992,2,20251116
995,1,20251122
995,1,20251208
995,1,20251209
996,1,20251129
996,1,20251130
999,1,20251114
999,1,20251116
