route_id,service_id,trip_id
1,1003,936524
1,115,397387
1,124,794656
1,258,242095
1,260,502098
1,260,745010
1,261,818557
1,261,862840
1,272,816857
1,312,917156
1,372,808
1,43,482095
1,433,228243
1,433,761496
1,445,476607
1,470,1192512
1,534,847377
1,549,1287321
1,579,16463
1,61,180371
1,72,884176
1,761,1521092
1,768,753413
1,772,544064
1,790,504578
1,837,735162
1,923,233797
1,924,540843
1,938,906432
1,945,960037
1,950,1266608
1,950,536551
1,950,814432
1,958,1010906
1,969,227616
1,971,145794
1,987,805986
10,1009,986319
10,122,1387731
10,196,1031585
10,196,252565
10,286,122999
10,370,154051
10,370,85065
10,406,789592
10,41,472068
10,432,1522520
10,621,698762
10,897,293973
10,950,725916
10,950,994909
10,958,1016556
10,958,1366627
10,958,1385782
10,958,260310
10,958,690687
10,958,870180
10,967,841612
10,984,752446
10,991,755853
11,3,960178
11,330,639076
11,584,246498
11,584,39483
11,779,1533581
12,231,78545
12,352,1233508
12,41,1456215
12,426,649155
12,436,100849
12,584,97368
12,621,1405978
12,669,139273
12,692,1169731
12,721,993478
12,880,117600
13,1008,1476102
13,160,1473600
13,160,663274
13,160,690902
13,164,364794
13,183,669133
13,196,1022202
13,196,1333268
13,196,137403
13,196,1426957
13,196,1431385
13,196,169591
13,196,203207
13,196,267279
13,196,777244
13,196,889737
13,196,976791
13,22,1005912
13,22,1112890
13,22,1230758
13,22,299494
13,22,651818
13,22,662049
13,22,887167
13,225,12319
13,261,1013982
13,261,170407
13,261,281402
13,261,305809
13,261,523874
13,261,661209
13,261,840730
13,288,1452815
13,300,1082427
13,300,562090
13,318,198688
13,364,386901
13,457,847894
13,593,808932
13,676,1174386
13,8,654610
13,8,770587
13,912,510558
13,92,184118
13,943,851234
13,950,344448
13,950,627505
13,951,1297349
14,672,1102606
14,672,457528
14,672,536665
15,1009,1438052
15,101,101138
15,1019,950548
15,108,1398119
15,118,614059
15,124,1052842
15,164,45718
15,196,271953
15,229,296426
15,260,900191
15,318,1193679
15,401,271370
15,42,991579
15,478,10742
15,507,1174651
15,680,625497
15,832,103174
15,871,130424
15,874,379106
15,875,1500346
15,923,1026195
15,923,401834
15,923,594807
15,926,582925
15,969,1334178
15,995,1428640
16,1000,658065
16,120,101977
16,120,1063276
16,120,108839
16,120,1236725
16,120,1287392
16,120,1359960
16,120,513934
16,120,693839
16,120,700153
16,124,724101
16,180,1030582
16,205,783707
16,229,1039797
16,236,636799
16,28,1365933
16,296,678224
16,3,925704
16,3,928740
16,347,561691
16,352,924805
16,368,1251497
16,368,381432
16,373,1531850
16,373,572837
16,400,1359731
16,416,450777
16,419,54343
16,419,778444
16,45,218414
16,457,1266558
16,466,1322864
16,473,1401853
16,474,1511438
16,476,1069468
16,476,1119806
16,476,1221549
16,476,142191
16,476,1504884
16,476,1529234
16,476,863772
16,477,1261495
16,477,1338475
16,477,1437545
16,477,238362
16,477,500783
16,477,59992
16,477,755551
16,483,580896
16,483,819275
16,492,570252
16,492,91416
16,502,1186525
16,502,156460
16,503,528258
16,528,1524793
16,550,161402
16,56,1188315
16,584,921253
16,597,1456110
16,608,1424488
16,608,310734
16,608,417524
16,608,495710
16,621,272866
16,625,259115
16,636,1239378
16,654,614719
16,665,1427042
16,665,491917
16,665,611614
16,669,1022742
16,672,1097897
16,675,687262
16,682,870305
16,684,1137150
16,684,1241952
16,684,50411
16,684,560462
16,684,74233
16,684,848293
16,684,974008
16,713,1058694
16,72,877914
16,74,952681
16,744,1455284
16,761,132309
16,761,1357240
16,761,1409721
16,761,168312
16,761,368899
16,761,529935
16,761,618813
16,761,755743
16,761,755820
16,761,771388
16,761,808375
16,761,857164
16,761,943170
16,771,1134823
16,771,86754
16,771,974799
16,771,989911
16,832,1148992
16,832,214046
16,832,251791
16,837,1043697
16,837,1132586
16,837,123971
16,837,1242169
16,837,1324849
16,837,1336864
16,837,212714
16,837,474759
16,837,568035
16,837,811663
16,837,904069
16,837,998505
16,860,692917
16,871,723815
16,871,746282
16,912,1011675
16,923,121938
16,923,1392872
16,923,445985
16,923,619331
16,935,13388
16,941,1390408
16,941,1421640
16,941,142835
16,941,19173
16,941,647003
16,941,795191
16,941,871032
16,941,883841
16,947,1483269
16,947,478707
16,950,1073140
16,950,1173024
16,950,1328919
16,950,1335686
16,950,1391196
16,950,1458150
16,950,1492202
16,950,285270
16,950,330125
16,950,344938
16,950,446159
16,950,478718
16,950,518258
16,950,518364
16,950,519601
16,950,541428
16,950,787053
16,950,92739
16,958,1402862
16,969,566261
16,969,660399
16,974,45738
16,979,237456
16,983,802681
17,1003,847457
17,115,815645
17,124,1365550
17,258,614126
17,261,414236
17,272,58506
17,272,645706
17,372,874391
17,403,782042
17,414,121091
17,433,1009950
17,433,1110161
17,445,64343
17,470,1230902
17,524,426321
17,549,873171
17,72,1049488
17,837,224061
17,859,1342266
17,938,588371
17,945,1395649
17,950,21209
17,950,293472
17,958,1412162
17,969,1521653
17,971,305766
17,987,143151
17,987,57238
18,104,756138
18,124,950452
18,205,124619
18,233,376649
18,301,1112234
18,352,849866
18,426,1008192
18,426,506936
18,590,409773
18,613,823799
18,744,1384027
18,756,909194
18,795,728766
18,950,1236463
18,958,1237615
19,1017,825196
19,11,677382
19,139,1142757
19,231,1418036
19,30,1070154
19,30,950792
19,301,952903
19,350,1192705
19,352,1448132
19,352,244192
19,352,852734
19,373,1083698
19,373,1461109
19,376,883584
19,41,967961
19,436,1221379
19,437,1210066
19,473,419458
19,584,1290963
19,584,1382574
19,602,1012330
19,632,1137531
19,637,799098
19,637,820698
19,642,1330407
19,669,1191391
19,672,1045142
19,692,842759
19,701,992792
19,707,969882
19,72,411259
19,771,1257598
19,795,1264167
19,837,1182282
19,897,1150317
19,941,1521461
19,945,879533
19,950,194960
2,343,337987
2,537,1248423
2,895,387702
2,950,1037804
2,950,578206
2,958,607875
2,958,650802
20,101,645238
20,11,1078541
20,11,1188436
20,110,365085
20,113,453966
20,118,118184
20,124,1467820
20,124,187508
20,145,1331432
20,145,268840
20,145,445379
20,153,1369123
20,198,1274831
20,210,157086
20,210,870518
20,229,1151045
20,229,1275686
20,229,626623
20,229,860578
20,238,1190716
20,258,1310193
20,260,1238184
20,260,1253872
20,260,1386154
20,260,192252
20,260,413081
20,260,461029
20,260,500264
20,260,501231
20,260,717401
20,260,861035
20,283,1194626
20,325,1321785
20,325,449749
20,329,1312585
20,329,234303
20,340,1073525
20,340,1294844
20,406,854856
20,406,924076
20,415,137694
20,415,933245
20,417,1511095
20,426,1274726
20,426,1424164
20,426,218689
20,460,667671
20,460,810939
20,473,1234793
20,473,1255481
20,473,26787
20,473,50992
20,473,664502
20,473,695071
20,473,799489
20,473,802202
20,473,992870
20,500,1236969
20,515,473231
20,584,205181
20,584,221047
20,584,565443
20,584,837926
20,604,1406167
20,604,1470591
20,620,385161
20,621,377054
20,621,526791
20,642,796826
20,653,1292840
20,675,708424
20,679,583157
20,710,361716
20,799,531562
20,805,1306311
20,805,420791
20,820,123557
20,820,752039
20,820,930517
20,855,1297967
20,906,75257
20,912,188876
20,912,854500
20,916,376016
20,916,74263
20,923,353497
20,928,1081647
20,939,227615
20,939,707791
20,939,798005
20,950,1494965
20,950,561537
20,977,810687
21,210,1523366
21,261,458578
21,318,768056
21,370,176046
21,370,281416
21,584,1180875
21,733,537427
21,775,1277621
21,796,301993
21,873,93196
21,958,1171987
21,958,149604
21,958,874692
21,986,788191
22,1004,715208
22,1005,1510426
22,1005,1534157
22,1005,547742
22,1010,149003
22,1015,1164484
22,1015,4485
22,1015,598865
22,108,1179916
22,108,1300465
22,108,1366498
22,108,238140
22,108,365611
22,108,493971
22,109,1274423
22,124,1086024
22,124,1086523
22,124,1090589
22,124,1165203
22,124,1320114
22,124,1527963
22,124,266481
22,124,378885
22,124,470683
22,124,550544
22,124,575873
22,124,616227
22,124,73118
22,124,759160
22,132,1097457
22,132,35959
22,132,433488
22,136,1045721
22,136,707775
22,137,386546
22,170,762010
22,178,223543
22,178,793984
22,205,902115
22,221,309723
22,230,155166
22,231,1160763
22,231,1184727
22,231,174976
22,231,641629
22,233,1248889
22,233,742146
22,237,1062203
22,237,519991
22,237,640395
22,240,258536
22,246,1161774
22,258,927316
22,260,683435
22,261,1256291
22,267,700908
22,278,1294694
22,284,900991
22,306,1385869
22,312,1189290
22,312,950694
22,32,1468508
22,321,1241105
22,33,1436335
22,34,1080773
22,34,1266399
22,34,1383436
22,34,1511284
22,34,1525489
22,34,180255
22,34,499841
22,34,923283
22,344,112848
22,345,577775
22,352,445618
22,352,481114
22,353,487225
22,369,825622
22,377,109529
22,391,1311923
22,405,870185
22,405,927943
22,406,229808
22,408,1505076
22,408,226941
22,408,657716
22,408,792160
22,408,996894
22,410,373312
22,419,510912
22,42,1457744
22,42,452992
22,42,703737
22,433,1216389
22,433,71052
22,436,1023394
22,436,1119671
22,436,1132844
22,436,1148590
22,436,1426769
22,436,391285
22,436,755669
22,436,996042
22,441,1290232
22,441,1469774
22,441,292028
22,441,589793
22,441,72895
22,441,778729
22,457,1155421
22,457,1355046
22,457,1469745
22,457,777508
22,457,931319
22,463,1259403
22,463,388833
22,463,649637
22,473,1002055
22,473,1165925
22,473,1200668
22,473,1466005
22,473,1511277
22,473,614959
22,48,1434924
22,48,584412
22,516,846890
22,517,63797
22,517,987636
22,532,1519773
22,536,1529935
22,536,490652
22,536,4972
22,536,999483
22,549,1410072
22,579,12011
22,579,1516825
22,579,883335
22,584,1175441
22,584,551761
22,6,407784
22,600,1004272
22,600,198784
22,600,756181
22,600,830576
22,600,831687
22,600,91677
22,600,92742
22,604,105766
22,604,1402732
22,611,1183187
22,611,1534982
22,611,604755
22,621,357514
22,621,408375
22,621,83562
22,627,1010887
22,660,587002
22,665,1351228
22,665,330988
22,667,1438658
22,669,830308
22,672,1276818
22,673,191073
22,673,245989
22,673,565708
22,673,692693
22,680,1339101
22,680,136612
22,680,1383178
22,680,1388128
22,680,1389622
22,680,762236
22,691,617687
22,691,647815
22,691,910656
22,703,1078672
22,703,1122246
22,703,353587
22,74,318547
22,745,1029432
22,761,1393673
22,768,1016912
22,768,1224797
22,768,1261902
22,768,73642
22,768,818168
22,768,883676
22,769,699085
22,771,1089519
22,771,365521
22,771,630660
22,771,654594
22,771,711578
22,771,84162
22,771,854777
22,771,955544
22,789,72447
22,817,261670
22,817,272761
22,820,1367941
22,820,1378063
22,820,1405284
22,820,475077
22,820,481061
22,820,811330
22,820,844992
22,828,1099033
22,830,457437
22,830,867885
22,837,114814
22,837,1337268
22,837,1340594
22,837,230187
22,837,827735
22,837,93991
22,844,439624
22,844,527129
22,846,355152
22,852,1020450
22,870,325272
22,877,1316269
22,883,489107
22,902,1017496
22,902,1031817
22,902,122744
22,902,1248555
22,902,1367116
22,902,324535
22,902,328375
22,902,503905
22,902,631959
22,902,684154
22,902,932248
22,902,936113
22,908,599677
22,912,279381
22,923,1361386
22,923,147506
22,923,207075
22,923,23342
22,923,441734
22,923,482183
22,923,546937
22,923,716560
22,926,458645
22,947,139003
22,947,361243
22,947,574196
22,947,751547
22,947,908885
22,947,909476
22,95,1126808
22,950,1005084
22,950,1081242
22,950,1142601
22,950,1160244
22,950,1202279
22,950,120264
22,950,1429671
22,950,485242
22,950,572952
22,950,897721
22,950,902418
22,950,913585
22,963,320745
22,963,898828
22,969,993167
22,973,1520377
22,987,1183666
22,987,16414
22,999,1165176
22,999,650734
23,191,10987
23,254,259670
23,254,690913
23,278,977295
23,294,275453
23,338,131989
23,408,515838
23,439,611461
23,457,1347123
23,473,344317
23,490,1006249
23,504,940318
23,536,156694
23,556,1302395
23,59,721239
23,672,1296780
23,677,1156792
23,680,616317
23,680,655314
23,761,23141
23,768,1429381
23,813,990635
23,820,1208382
23,950,272366
24,120,711232
24,2,329689
24,2,821918
24,406,2817
24,406,540145
24,665,774056
24,761,540936
24,837,1294405
24,837,1326710
24,950,1122109
24,950,1359091
24,950,1475075
25,134,1092049
25,134,1092517
25,134,1144347
25,134,1271503
25,134,1442707
25,134,147741
25,134,162117
25,134,441714
25,134,519352
25,134,535323
25,134,583141
25,134,854076
25,249,742580
25,249,946112
25,293,177213
25,327,1215355
25,426,686579
25,665,1135385
25,665,1383662
25,665,766466
25,689,275518
25,706,1189832
25,706,1204318
25,706,217006
25,706,253511
25,706,274301
25,706,492507
25,706,684009
25,706,68885
25,706,72868
25,706,812485
25,706,991222
25,842,1156025
25,842,727263
25,890,1532964
25,950,1027505
26,584,1034362
27,1008,848982
27,1011,106943
27,205,1476092
27,352,945076
27,41,1008456
27,601,1458283
27,621,96206
27,639,1231576
27,669,1424243
27,675,1498066
27,721,1497336
27,758,267628
27,851,835260
27,880,758294
27,929,80033
27,992,278073
28,407,880757
28,675,1272671
28,677,1468521
28,744,973013
28,950,1204934
29,108,1347595
29,108,6688
29,108,977090
29,117,113082
29,124,1267487
29,124,1439922
29,124,195443
29,133,1217138
29,133,341493
29,133,447024
29,133,665584
29,133,740738
29,133,930653
29,169,1419020
29,2,323846
29,2,508498
29,302,1498274
29,367,533880
29,389,588058
29,408,458255
29,448,269581
29,473,76900
29,517,1363433
29,517,894009
29,526,275101
29,536,87382
29,539,938483
29,577,1072708
29,631,1229339
29,673,160034
29,68,542180
29,729,1091926
29,741,1188182
29,783,983907
29,792,1085795
29,830,175328
29,830,653149
29,830,954700
29,847,334655
29,852,787704
29,852,924693
29,89,1141250
29,89,162787
29,923,416126
29,923,537743
29,923,745502
29,950,1170854
29,950,722607
3,1001,390299
3,1009,1336266
3,1009,240813
3,107,221701
3,108,509058
3,108,640283
3,112,1275711
3,132,415790
3,152,1304716
3,2,18655
3,207,1210357
3,207,1257674
3,207,867050
3,233,1111540
3,342,376049
3,342,980293
3,354,730559
3,354,950655
3,38,1341979
3,406,457609
3,408,1526063
3,41,956681
3,426,1393022
3,426,566881
3,426,583579
3,426,937853
3,433,1049144
3,433,965982
3,471,1454718
3,473,1272877
3,473,1480886
3,473,712938
3,473,87010
3,476,1250848
3,476,1367935
3,476,868480
3,531,607350
3,578,1264713
3,621,467483
3,631,1425350
3,665,380407
3,702,214946
3,744,843141
3,830,430534
3,869,738633
3,916,1088712
3,916,1441846
3,916,609430
3,916,676204
3,923,1432622
3,950,394277
3,950,651211
3,950,773501
3,964,1429590
30,116,373110
30,124,342858
30,124,533465
30,134,1292355
30,134,152098
30,134,505656
30,134,709023
30,2,526166
30,205,1174754
30,210,1468805
30,210,1517317
30,210,259314
30,210,944455
30,229,100264
30,229,1399652
30,247,1481569
30,262,645514
30,317,639802
30,399,1142177
30,399,1212521
30,399,268491
30,399,731079
30,399,787082
30,406,265499
30,420,216621
30,452,35453
30,452,623079
30,463,340761
30,473,1155913
30,473,785877
30,476,1291114
30,492,580364
30,5,717629
30,500,437286
30,584,1176076
30,607,1090558
30,608,1100738
30,626,684073
30,631,1362135
30,631,52473
30,665,143339
30,665,446979
30,69,1169849
30,69,994896
30,712,50167
30,718,1452862
30,718,506737
30,768,564607
30,822,1492762
30,822,319885
30,822,70611
30,822,932826
30,83,1128877
30,837,128574
30,837,12975
30,837,1302789
30,837,216106
30,837,256334
30,891,344926
30,914,867614
30,923,1297998
30,923,1431741
30,923,1526931
30,923,893240
30,923,99050
30,926,275550
30,950,1185543
30,950,137433
30,950,503691
30,950,936069
30,987,1274144
30,987,656325
30,987,887292
30,997,403147
31,120,1534209
31,120,754598
31,120,775882
31,124,108476
31,124,1227326
31,124,153674
31,124,158271
31,124,312604
31,124,370394
31,124,512265
31,124,60123
31,124,801533
31,124,861155
31,124,99629
31,133,1236097
31,134,775903
31,178,265850
31,187,303285
31,210,1003638
31,225,1262633
31,225,1262710
31,225,1307253
31,225,324498
31,225,877607
31,233,319618
31,233,630648
31,233,689842
31,233,745348
31,233,795492
31,294,226912
31,294,271898
31,368,1456528
31,387,942566
31,395,775849
31,401,1343692
31,401,1375095
31,401,175633
31,401,876411
31,408,688931
31,41,1229739
31,41,1244338
31,41,1415702
31,41,988964
31,410,411237
31,419,1269549
31,433,448486
31,433,991479
31,457,1181271
31,473,1272735
31,473,518007
31,473,543673
31,473,859205
31,496,297972
31,518,141074
31,518,365503
31,536,1297298
31,536,43186
31,549,1131799
31,549,641608
31,608,180338
31,612,309305
31,612,681552
31,612,984359
31,621,510636
31,631,728368
31,633,1199008
31,67,1311368
31,726,446538
31,742,1291115
31,758,1013404
31,761,814899
31,771,1486751
31,781,1072081
31,785,936405
31,830,530955
31,837,1094079
31,837,1513484
31,837,498488
31,857,136144
31,903,201491
31,907,1197084
31,923,110483
31,923,1440214
31,923,416494
31,923,445157
31,923,494142
31,923,497604
31,923,698565
31,923,718017
31,923,850883
31,923,899584
31,930,1480322
31,950,1102399
31,950,1306681
31,950,1462427
31,950,30221
31,950,609115
31,955,97536
31,969,1433204
31,987,670515
32,1000,1317374
32,120,1114275
32,120,1341361
32,120,1521369
32,123,1318800
32,123,137465
32,124,1188879
32,124,485463
32,134,155184
32,137,1062793
32,159,171866
32,177,7784
32,193,706352
32,193,940153
32,210,529951
32,210,703837
32,210,902704
32,216,1290896
32,225,581388
32,236,1378344
32,243,293340
32,274,213289
32,275,787780
32,3,1240898
32,3,1427525
32,3,1513244
32,3,20956
32,3,260497
32,3,346072
32,3,663205
32,300,419182
32,320,1333576
32,339,111590
32,352,558641
32,359,1136660
32,37,1268604
32,373,318686
32,373,913409
32,373,9297
32,400,1478091
32,400,320440
32,400,527836
32,408,1181932
32,408,1400375
32,408,784298
32,410,146978
32,410,989133
32,421,494173
32,436,566447
32,45,77151
32,45,831481
32,457,458637
32,457,925594
32,463,1424841
32,463,480722
32,469,918838
32,473,187612
32,473,21551
32,473,895027
32,476,374275
32,48,29763
32,48,440554
32,48,526229
32,48,641802
32,492,1220745
32,500,1077585
32,500,600237
32,502,179007
32,502,696712
32,503,463338
32,531,45717
32,535,1160324
32,543,998077
32,549,1275377
32,549,1369226
32,559,655972
32,573,200439
32,6,1299427
32,6,36893
32,608,1520925
32,608,532728
32,608,971395
32,611,190494
32,611,264045
32,621,1524377
32,621,321461
32,636,1071074
32,642,172530
32,649,1273968
32,665,1172476
32,665,1218183
32,665,1488231
32,665,150064
32,665,372064
32,665,505113
32,665,511227
32,665,67533
32,665,761944
32,665,97279
32,669,1038448
32,669,1399738
32,672,1202256
32,672,12150
32,672,921636
32,675,678820
32,675,931407
32,684,1067391
32,684,1121191
32,684,1341897
32,684,1422732
32,684,1501083
32,684,1526705
32,684,295133
32,717,623346
32,72,1498765
32,72,231364
32,74,1328914
32,744,1206102
32,761,1038546
32,761,1117388
32,761,395969
32,761,674151
32,761,882967
32,761,988788
32,764,519668
32,768,308987
32,768,77792
32,771,1113378
32,771,1132166
32,771,1249155
32,781,322797
32,822,1449801
32,823,1420831
32,832,531638
32,834,595953
32,837,1302988
32,837,1330144
32,837,1442148
32,837,1529546
32,837,223675
32,837,270208
32,837,5577
32,837,645879
32,837,876874
32,845,258468
32,887,481166
32,89,1022903
32,89,586682
32,897,668476
32,9,424657
32,904,912924
32,912,1407657
32,912,302609
32,917,420910
32,923,1386029
32,923,274511
32,923,537234
32,926,1237766
32,93,325897
32,932,1506276
32,940,848257
32,941,724683
32,947,10452
32,947,1257395
32,947,377370
32,947,503687
32,947,864635
32,948,134539
32,950,1032924
32,950,1228357
32,950,1268447
32,950,1285947
32,950,1305510
32,950,1443176
32,950,1445033
32,950,1517123
32,950,214122
32,950,521437
32,950,557761
32,950,587979
32,950,620241
32,950,682916
32,950,83440
32,950,985233
32,958,1393589
32,958,1470779
32,958,421257
32,958,464762
32,958,816390
32,959,33674
32,969,1211177
32,969,329506
32,969,554230
32,969,842076
33,426,432625
34,1018,916246
34,134,1070486
34,134,780982
34,2,284793
34,2,915118
34,232,884591
34,245,860670
34,285,221258
34,352,300740
34,385,1123338
34,385,1262966
34,385,507399
34,385,507479
34,385,60186
34,385,613983
34,385,689178
34,394,692715
34,394,821712
34,402,841170
34,575,1433598
34,604,1257537
34,604,600887
34,666,1083227
34,666,1114901
34,666,1137672
34,666,1178150
34,666,1192780
34,666,1238307
34,666,365715
34,709,289178
34,709,679144
34,80,1159214
34,994,968925
35,426,326420
35,426,431628
35,426,461746
35,426,598484
35,426,686120
35,499,1058543
35,944,1498686
36,260,1257980
36,260,159958
37,132,1139803
37,134,837950
37,196,103133
37,2,373052
37,233,1475379
37,366,320087
37,473,1075697
37,473,495134
37,738,98165
37,802,885943
37,814,1397785
37,837,176635
37,919,1476409
38,231,551830
38,352,243386
38,436,700955
38,584,213262
38,692,57630
38,721,901791
39,225,1214695
39,225,170224
39,225,406460
39,225,643211
39,225,875709
39,225,885
39,225,950675
39,473,105343
39,473,1364660
39,473,323401
39,473,37133
39,473,627370
39,473,956799
39,473,962854
39,549,422056
39,672,752465
39,758,1125457
39,758,1279092
39,758,1312584
39,758,482580
39,758,535041
39,758,850418
39,761,404355
39,837,660680
39,870,353830
39,870,770058
4,1000,367863
4,108,1483738
4,108,820444
4,108,875224
4,114,913708
4,124,1134866
4,124,630945
4,133,1315913
4,14,117014
4,147,1246007
4,229,301608
4,258,1046527
4,260,90946
4,279,1431990
4,305,1407123
4,305,383308
4,324,732311
4,387,264885
4,408,632687
4,419,290005
4,426,490547
4,44,874649
4,441,1223875
4,455,1063845
4,457,144426
4,482,1075846
4,531,1523592
4,549,278720
4,59,1177762
4,661,392210
4,680,105967
4,680,549314
4,680,661049
4,680,90985
4,72,1476968
4,762,1294795
4,772,257428
4,772,458347
4,797,678962
4,830,146842
4,830,756940
4,869,543700
4,923,142288
4,923,219315
4,943,295154
4,950,1055658
4,950,959725
4,972,1095554
4,992,9203
40,1005,363930
40,1019,1342208
40,115,181454
40,115,652124
40,124,1428769
40,126,38790
40,142,338588
40,142,871246
40,16,942658
40,161,79064
40,229,1289730
40,229,291045
40,250,34246
40,250,345094
40,250,410336
40,250,669931
40,258,669869
40,258,88144
40,260,353386
40,263,984578
40,266,1126852
40,288,134523
40,316,402675
40,348,214172
40,35,781133
40,364,387748
40,365,648984
40,374,678191
40,379,789018
40,392,772228
40,405,318951
40,408,293858
40,419,880931
40,433,601368
40,440,656009
40,443,32495
40,456,1072477
40,457,182129
40,457,807817
40,47,332641
40,47,489470
40,509,4436
40,510,1055285
40,511,1269493
40,511,392232
40,511,555633
40,511,986981
40,522,345353
40,545,1337278
40,549,726888
40,557,705491
40,582,1283649
40,584,392513
40,584,684279
40,584,979650
40,6,1267803
40,6,1466604
40,6,1502253
40,6,230317
40,6,433270
40,6,486880
40,6,561312
40,6,681918
40,6,842093
40,6,922926
40,621,547581
40,630,445859
40,630,740918
40,630,868160
40,637,616167
40,672,1032335
40,672,263166
40,672,41530
40,675,261202
40,684,20058
40,71,1090137
40,72,449812
40,72,467192
40,72,745137
40,733,113870
40,733,1229853
40,733,1337095
40,733,1472923
40,733,154681
40,733,178062
40,733,366313
40,733,400545
40,733,405663
40,733,501212
40,733,725566
40,733,739394
40,758,608525
40,769,979262
40,769,9886
40,797,751982
40,798,862992
40,805,64377
40,809,748148
40,812,865239
40,819,986043
40,82,1470633
40,830,230406
40,869,1450099
40,869,798624
40,879,1439489
40,879,1458167
40,890,1466984
40,890,263157
40,890,329010
40,890,85160
40,920,1077142
40,923,371290
40,950,1301107
40,950,1421849
40,950,181614
40,950,572474
40,950,831748
40,953,104222
40,953,1051797
40,953,1228221
40,953,17787
40,953,242011
40,953,444610
40,953,446407
40,953,641470
40,953,710687
40,956,992740
40,958,1371812
40,958,613932
40,959,146281
40,96,1218647
40,961,242489
41,101,885261
41,106,595877
41,118,237922
41,133,458668
41,164,118966
41,192,833470
41,210,1130313
41,215,1447873
41,222,816146
41,229,1188610
41,229,295347
41,246,498583
41,258,1274067
41,258,1446519
41,259,1327672
41,260,1127935
41,260,1163095
41,260,1355483
41,260,145219
41,260,1506642
41,260,884839
41,312,1316453
41,312,953611
41,315,936181
41,325,243452
41,325,246789
41,325,839285
41,401,1524695
41,401,661955
41,403,445165
41,408,1297595
41,408,235154
41,410,834296
41,419,1076156
41,419,963017
41,42,637263
41,424,286949
41,426,1190645
41,426,1352305
41,426,1395529
41,426,2869
41,426,414820
41,426,448408
41,426,488312
41,426,512888
41,426,818903
41,426,851388
41,426,904310
41,427,715914
41,443,616395
41,47,239389
41,47,279344
41,47,631719
41,473,1339514
41,473,635419
41,48,526585
41,552,37080
41,574,569967
41,608,446818
41,611,1034440
41,611,1502941
41,611,777204
41,621,1360736
41,641,686228
41,672,1102893
41,672,1301903
41,686,1162167
41,728,250225
41,733,1307115
41,758,549990
41,761,1228971
41,772,310028
41,772,430700
41,775,43157
41,786,1100832
41,820,1480879
41,820,745861
41,84,1466659
41,843,1131556
41,849,644962
41,862,1312608
41,869,225530
41,89,1294016
41,89,36419
41,890,570358
41,902,304184
41,902,805097
41,922,528729
41,923,763123
41,94,795837
41,950,1152409
41,950,1340779
41,950,491419
41,950,871366
41,962,1351722
41,969,203950
41,987,1330940
42,134,1001171
42,134,1181629
42,134,1314901
42,134,1359344
42,134,1474554
42,134,1481069
42,134,1482936
42,134,488970
42,134,543024
42,134,857556
42,134,861549
42,134,875962
42,291,679294
42,327,641320
42,426,1355663
42,523,334388
42,549,728984
42,612,630152
42,652,812259
42,665,2049
42,665,444977
42,665,951308
42,675,953178
42,706,1012194
42,706,1077896
42,706,1234070
42,706,1311754
42,706,1441152
42,706,230106
42,706,270811
42,706,536365
42,706,687991
42,706,890618
42,706,89154
42,719,624695
42,842,261719
42,842,278834
42,858,616947
42,869,48231
42,870,466869
42,890,93268
42,912,308119
42,950,422954
43,102,1419998
43,108,1218579
43,11,456400
43,120,438152
43,124,370587
43,124,961083
43,134,1020675
43,134,1296633
43,134,1382757
43,134,1512876
43,134,222
43,134,478237
43,134,526498
43,134,587679
43,134,60045
43,134,977081
43,150,743230
43,158,1213009
43,162,816249
43,164,273095
43,188,807925
43,196,1009625
43,196,1516384
43,200,799085
43,201,1519155
43,207,86615
43,229,1490652
43,229,460629
43,233,802613
43,258,238188
43,260,46037
43,286,1448446
43,325,296014
43,352,254355
43,366,1004590
43,366,336570
43,366,475853
43,378,89397
43,387,1245472
43,400,294414
43,400,362468
43,400,381270
43,400,437695
43,400,839724
43,405,461596
43,42,1227838
43,42,73972
43,426,18752
43,426,529922
43,426,693891
43,426,874370
43,433,720458
43,436,110005
43,438,1172063
43,443,651746
43,447,1147112
43,457,1101798
43,457,1307102
43,457,557571
43,458,654552
43,474,1032849
43,474,1081605
43,474,329487
43,474,404680
43,474,463072
43,474,860233
43,476,1429957
43,476,584988
43,49,338619
43,509,238329
43,509,452209
43,509,738368
43,547,381328
43,56,1400321
43,56,464965
43,57,180412
43,573,59795
43,573,631059
43,583,1314034
43,584,1196700
43,584,1395394
43,584,8721
43,596,49575
43,608,179784
43,608,239785
43,615,1360058
43,619,561866
43,644,1322656
43,645,965467
43,656,1366226
43,657,488439
43,658,232269
43,665,1067114
43,665,1324496
43,665,561237
43,665,833049
43,669,1439903
43,671,1356458
43,672,829779
43,684,1136522
43,684,1168000
43,7,433412
43,70,624312
43,708,881761
43,72,688915
43,74,985042
43,761,67036
43,767,1183473
43,771,784346
43,772,1386047
43,772,194574
43,781,28497
43,810,307862
43,830,261095
43,831,994167
43,837,387381
43,837,788440
43,856,858376
43,869,44326
43,88,1242424
43,889,1525379
43,90,733100
43,912,1017349
43,923,125275
43,923,724974
43,923,944424
43,926,335264
43,926,383572
43,941,283050
43,950,1355688
43,950,1481718
43,950,495640
43,950,82482
43,950,991150
43,970,937240
44,1009,824830
44,108,1125500
44,132,113539
44,133,1528667
44,152,206318
44,233,704818
44,260,1533931
44,261,825924
44,270,788046
44,287,1285193
44,318,49627
44,32,1235609
44,342,1126153
44,342,538461
44,406,768571
44,414,1209425
44,443,1202114
44,443,1488076
44,451,159340
44,473,1403177
44,473,149061
44,589,1033776
44,665,916089
44,733,1379839
44,744,1349889
44,752,229651
44,837,596222
44,923,983257
44,950,1441599
44,950,1514516
44,950,260883
44,950,928505
44,981,1178876
45,1000,1147075
45,1000,1532920
45,1000,53457
45,108,1113268
45,124,1077994
45,124,118453
45,124,1265533
45,124,1265916
45,124,129649
45,124,400266
45,124,766059
45,124,848631
45,127,201359
45,13,1107781
45,133,577151
45,133,913685
45,135,1114178
45,210,835043
45,214,1526987
45,214,189857
45,225,113527
45,225,488757
45,225,635820
45,225,759570
45,233,313877
45,233,870967
45,254,1407555
45,261,434244
45,261,818479
45,276,419198
45,281,999554
45,29,121857
45,29,706542
45,290,1072551
45,3,859147
45,305,974018
45,322,980735
45,332,566085
45,372,1012596
45,372,1402128
45,372,1512413
45,372,628468
45,372,728345
45,372,838654
45,390,1314929
45,401,1207858
45,401,368909
45,401,677642
45,408,1212715
45,411,1326507
45,411,512170
45,411,617961
45,411,956313
45,42,509134
45,433,317274
45,433,345694
45,433,547122
45,433,790268
45,433,868985
45,433,933418
45,436,56027
45,44,146141
45,457,1349117
45,457,832541
45,473,1522937
45,473,407489
45,479,1018022
45,48,240025
45,480,1437079
45,484,146152
45,502,581550
45,502,887572
45,502,903935
45,502,922429
45,51,1439952
45,529,508655
45,529,645449
45,529,80288
45,538,420174
45,549,1295697
45,549,1463618
45,549,500865
45,579,1122729
45,579,1486338
45,579,868578
45,584,1037430
45,616,366278
45,621,497030
45,621,979423
45,642,316207
45,663,261343
45,663,552574
45,672,225969
45,725,1116533
45,725,266202
45,725,625655
45,761,65476
45,776,384449
45,776,995155
45,777,1341563
45,824,1350478
45,837,1534384
45,837,627058
45,839,121636
45,853,1520617
45,860,1011743
45,863,181820
45,863,762944
45,870,1523616
45,905,1453702
45,912,1470120
45,912,396828
45,912,98358
45,915,672762
45,923,114456
45,923,1176389
45,923,1274513
45,923,1508709
45,923,46127
45,923,516999
45,923,925288
45,941,501728
45,941,550824
45,950,493410
45,969,43322
45,981,471896
45,987,1353910
45,987,1459503
45,987,511882
45,987,646488
45,987,689763
45,987,95508
45,990,1266769
46,17,1533052
46,403,796076
46,410,646382
46,445,37982
46,450,934855
46,926,1269875
46,958,962378
47,426,1110936
48,134,1167887
48,134,886003
48,400,1022946
48,400,496506
48,476,237121
48,476,747928
48,837,1006780
48,837,63293
49,124,1312351
49,16,578495
49,184,531650
49,196,1098954
49,196,1129025
49,196,1191502
49,196,1216381
49,196,1282714
49,196,155443
49,196,287712
49,196,506879
49,196,666503
49,196,703990
49,196,74673
49,196,815552
49,248,1332495
49,252,926684
49,31,172309
49,318,263110
49,318,484214
49,433,1497454
49,433,284188
49,473,382428
49,567,584362
49,593,1154062
49,593,13374
49,593,1355804
49,593,183941
49,593,335171
49,593,5006
49,593,583884
49,593,631767
49,593,971423
49,593,996196
49,647,938289
49,684,160066
49,733,1495662
49,733,497722
49,81,965686
49,829,121012
49,836,1199467
49,836,7570
49,923,45336
49,936,255125
49,949,1486695
49,987,328539
5,120,1216232
5,138,171320
5,203,440293
5,203,629173
5,203,925439
5,337,1139122
5,337,1449581
5,337,1492786
5,337,1509521
5,337,397679
5,337,406532
5,337,562659
5,337,566234
5,337,839381
5,460,1066963
5,460,1439356
5,460,399931
5,460,887283
5,513,1304633
5,617,1016542
5,617,1108565
5,617,1171819
5,665,87306
5,684,125950
5,761,1483479
5,761,481337
5,811,384636
5,816,676943
5,822,1124009
5,822,1283218
5,822,151976
5,822,17098
5,822,445943
5,822,745990
5,837,1186777
5,838,31700
5,941,294354
50,120,1062763
50,120,1524131
50,225,284671
50,373,1008805
50,373,1050820
50,400,772656
50,438,533041
50,463,1207662
50,473,1279357
50,508,961421
50,665,1212020
50,665,587264
50,768,404604
50,837,1097245
50,837,857949
50,89,1492815
50,914,576807
50,947,113142
50,950,1191453
50,950,136152
50,958,1499327
50,958,868588
51,131,38681
51,214,1045800
51,214,440408
51,214,594857
51,214,629820
51,261,111078
51,261,94024
51,29,1032537
51,29,1134923
51,29,1503408
51,346,237198
51,372,1186937
51,433,335614
51,433,619933
51,433,632779
51,433,688263
51,457,1014538
51,502,1304201
51,502,1458086
51,502,1494690
51,616,1131792
51,616,169658
51,616,334056
51,616,442873
51,616,92992
51,616,94102
51,663,385711
51,863,311510
51,863,417991
51,863,507508
51,863,632291
51,912,16101
51,915,1387813
51,969,1283925
51,981,1281074
51,981,331355
51,981,669700
51,987,1409212
52,115,1424666
52,148,999104
52,19,1046600
52,258,475652
52,266,1373522
52,365,895025
52,392,1456787
52,426,134266
52,426,810457
52,456,670624
52,457,255801
52,457,412461
52,47,1014802
52,47,1496722
52,47,278822
52,47,68596
52,47,771418
52,509,1337813
52,509,289732
52,562,199366
52,584,936397
52,621,836704
52,672,1338032
52,672,295535
52,672,574600
52,672,721518
52,674,920374
52,72,1113251
52,72,538636
52,72,685859
52,747,579389
52,758,864723
52,837,1027293
52,85,75270
52,869,916780
52,890,1086497
52,890,1255538
52,890,1306110
52,950,1043939
52,950,1083001
52,950,1160500
52,950,1385204
52,950,170758
52,950,512104
52,950,520272
52,950,618211
52,950,620609
52,950,707343
52,950,830220
52,950,898464
52,950,901682
52,950,979181
53,212,1108059
53,228,132586
53,433,23339
53,435,1128198
53,549,1448621
53,549,175012
53,650,1515967
53,650,973714
53,672,865734
53,734,15707
53,818,159158
53,982,1033569
53,982,148375
53,982,1526769
53,982,377378
53,982,408664
53,982,492163
54,388,140894
54,400,1366268
54,400,1467362
54,508,1270297
54,618,143976
54,761,32262
54,761,742459
54,822,168302
54,832,93180
55,210,961654
55,368,691292
55,723,1026739
55,918,592740
56,124,1274275
56,145,1097190
56,145,1156977
56,145,1174091
56,145,1352922
56,145,1386999
56,145,1405448
56,145,264616
56,145,506658
56,145,764331
56,145,774999
56,145,926221
56,164,1532921
56,177,471291
56,199,1074553
56,260,1135899
56,260,323936
56,260,327632
56,260,443433
56,260,857647
56,325,1205054
56,325,947630
56,394,978418
56,406,405293
56,406,903004
56,406,922390
56,426,1071263
56,426,1094741
56,426,1347481
56,426,1424860
56,426,171935
56,426,18692
56,426,451760
56,426,472165
56,426,513467
56,426,667418
56,426,768631
56,426,825545
56,426,830074
56,426,934520
56,460,1211697
56,464,1094604
56,473,870786
56,549,878301
56,549,908574
56,55,769528
56,604,1082929
56,604,58023
56,621,441385
56,642,275126
56,664,768351
56,675,474983
56,679,400410
56,679,809853
56,771,1245468
56,772,1075297
56,774,765166
56,820,855590
56,939,1181978
56,939,1186860
56,939,1251173
56,939,1425294
56,939,1474566
56,939,152040
56,939,170008
56,939,281385
56,939,367998
56,939,433487
56,939,923047
57,1000,1497149
57,1008,40504
57,106,796806
57,120,550061
57,124,1354506
57,124,1402616
57,124,1528713
57,124,370257
57,134,1147917
57,134,1324970
57,134,1414137
57,134,169079
57,134,175275
57,134,376927
57,134,395305
57,134,440255
57,134,55586
57,134,598565
57,134,78695
57,134,804899
57,134,935679
57,134,941010
57,134,986771
57,137,871128
57,141,1012443
57,159,375537
57,177,1360643
57,189,757902
57,194,1393102
57,195,1002410
57,2,1020499
57,2,1172787
57,2,1230279
57,2,1404402
57,2,1443936
57,2,1509107
57,2,1524121
57,2,31541
57,2,333196
57,2,436727
57,2,483590
57,2,596665
57,2,722044
57,2,740161
57,20,1223570
57,210,670673
57,225,1185590
57,226,1371108
57,229,1281261
57,24,1457489
57,24,1470769
57,260,50974
57,260,782113
57,297,680239
57,3,480947
57,3,756699
57,3,924616
57,303,1423241
57,312,941807
57,325,1415162
57,352,286782
57,352,854059
57,358,595572
57,368,1260654
57,375,1125361
57,375,197779
57,375,539108
57,396,935670
57,400,1339533
57,400,1420909
57,400,403047
57,406,1258156
57,406,1529653
57,406,506515
57,406,703245
57,406,719148
57,408,489201
57,408,836977
57,413,338416
57,416,410223
57,419,48183
57,42,1378233
57,42,981405
57,433,470361
57,433,894034
57,436,161771
57,442,1094729
57,444,147004
57,446,1421646
57,45,1061177
57,45,1432886
57,45,574215
57,457,1017410
57,457,1481315
57,462,995090
57,473,1381514
57,473,218774
57,473,419560
57,474,1197937
57,476,1282840
57,476,400867
57,476,461750
57,476,680589
57,476,703491
57,477,820040
57,488,1151251
57,492,1031215
57,492,1271772
57,492,266845
57,492,479724
57,492,621055
57,492,70658
57,499,200512
57,502,133150
57,502,66234
57,509,1033471
57,509,278122
57,521,122833
57,530,1035158
57,544,515570
57,549,210370
57,549,246135
57,550,1086225
57,580,40162
57,584,1525737
57,612,1409788
57,621,183642
57,621,757541
57,631,1093265
57,631,190286
57,631,374943
57,637,1096544
57,637,243850
57,639,1126506
57,642,1321724
57,655,902847
57,662,242855
57,665,1253276
57,665,1329503
57,665,447009
57,665,498686
57,665,636275
57,665,640999
57,668,495927
57,668,743389
57,670,1091021
57,697,311335
57,699,1055049
57,702,1208952
57,702,161740
57,702,222129
57,702,243888
57,702,962675
57,733,723791
57,737,1497364
57,744,510770
57,748,1227792
57,755,231541
57,761,234367
57,761,510618
57,761,66287
57,771,1320830
57,771,1503450
57,79,1173390
57,815,842789
57,822,842167
57,823,375881
57,832,176783
57,832,967647
57,837,1110729
57,837,1231478
57,837,1268311
57,837,578534
57,837,668570
57,837,820622
57,837,938257
57,878,1478834
57,89,1419240
57,89,437379
57,89,602637
57,897,1026658
57,897,1347719
57,897,659460
57,898,1058857
57,912,1294398
57,912,549100
57,921,137816
57,923,1084104
57,923,406969
57,926,129876
57,927,1000702
57,941,1151330
57,941,1376413
57,941,1464949
57,941,895798
57,941,916365
57,950,1195342
57,950,1214606
57,950,1223399
57,950,1485675
57,950,166377
57,950,437283
57,950,614823
57,950,693243
57,950,764446
57,950,858255
57,958,34255
57,960,162095
57,960,694786
57,960,863796
57,969,1021506
57,969,264820
57,969,413170
57,989,1394279
58,1000,1413991
58,1005,734158
58,108,432605
58,117,100664
58,117,1373456
58,117,156424
58,117,532655
58,117,620166
58,120,305320
58,120,917366
58,121,775513
58,123,485243
58,123,615406
58,123,798549
58,124,1025140
58,124,1316213
58,124,265232
58,124,738332
58,124,935410
58,124,975264
58,134,1052459
58,151,27608
58,167,383446
58,177,404921
58,2,1262262
58,210,119383
58,210,1298500
58,210,1305313
58,210,1478790
58,210,940404
58,211,560489
58,220,903097
58,225,1125480
58,225,1482801
58,23,1499585
58,231,1156175
58,231,1242319
58,231,1359514
58,231,1459928
58,231,1500703
58,231,190698
58,231,302468
58,231,534943
58,231,82579
58,231,935239
58,231,991618
58,253,1160135
58,264,852493
58,265,1093825
58,269,532761
58,295,59158
58,305,1210260
58,317,1293534
58,319,275904
58,32,1504413
58,345,314394
58,352,1158984
58,368,291303
58,373,1380015
58,373,469360
58,400,128798
58,400,386103
58,400,428310
58,404,4731
58,408,277316
58,408,804531
58,408,964925
58,419,1185538
58,419,1309834
58,419,1404258
58,419,489454
58,419,821062
58,42,1162553
58,423,106629
58,423,124505
58,428,138691
58,431,616238
58,433,835865
58,436,1028447
58,436,10669
58,436,1161805
58,436,1190947
58,436,119503
58,436,1238696
58,436,1390401
58,436,1435220
58,436,185122
58,436,255690
58,436,351590
58,436,391381
58,436,544360
58,436,610234
58,436,67454
58,436,679801
58,436,831486
58,436,835434
58,436,958552
58,441,1470611
58,457,1019411
58,457,1082845
58,457,1426530
58,457,1432244
58,457,6977
58,460,70016
58,463,776601
58,473,1042165
58,473,218770
58,473,636997
58,473,653187
58,473,813478
58,473,951806
58,476,652059
58,48,636331
58,48,843158
58,48,946627
58,483,385655
58,483,847389
58,498,348501
58,500,747646
58,502,1022696
58,502,1391753
58,502,469465
58,512,126040
58,536,10659
58,536,137854
58,536,988493
58,539,114011
58,539,1222105
58,539,1273546
58,539,1476696
58,539,281384
58,539,299409
58,539,300771
58,539,353282
58,539,542782
58,539,633592
58,539,686878
58,539,700184
58,549,1359666
58,549,397355
58,549,632888
58,550,1179682
58,560,999949
58,586,307890
58,588,1247109
58,599,164801
58,6,1248587
58,600,248852
58,600,25680
58,600,919661
58,600,93342
58,611,234426
58,617,1309968
58,62,306229
58,62,765817
58,621,933084
58,665,895150
58,669,1002593
58,669,1074941
58,669,1157366
58,669,127865
58,669,1348888
58,669,1370643
58,669,1378635
58,669,212636
58,669,322213
58,669,414869
58,669,536071
58,669,560470
58,669,570404
58,669,786310
58,669,926667
58,669,965378
58,672,878524
58,678,782789
58,681,1085224
58,681,1334969
58,684,1057878
58,684,1099130
58,684,1214232
58,684,1219846
58,684,1336274
58,684,1360402
58,684,1372030
58,684,1386382
58,684,1399025
58,684,156599
58,684,227902
58,684,250757
58,684,382623
58,684,536280
58,684,575856
58,72,1050747
58,72,835570
58,720,488697
58,761,1127357
58,761,115832
58,761,130761
58,761,786836
58,763,1019755
58,768,1060722
58,768,358712
58,768,466771
58,768,49827
58,768,735348
58,768,779004
58,771,146
58,771,1472476
58,771,206682
58,771,233432
58,771,248623
58,771,320405
58,771,522458
58,771,61127
58,771,72508
58,771,832853
58,794,1284072
58,822,1006852
58,822,10250
58,822,1421358
58,822,673367
58,830,237996
58,832,1079354
58,832,1110187
58,832,939014
58,837,1063101
58,837,1100706
58,837,1191786
58,837,1194066
58,837,125231
58,837,1296917
58,837,1320054
58,837,1366535
58,837,1374318
58,837,1383350
58,837,21311
58,837,302977
58,837,513118
58,837,557484
58,837,583464
58,837,728245
58,837,966401
58,860,348655
58,871,1333724
58,871,1438381
58,882,995141
58,89,1316013
58,89,689318
58,902,1352684
58,902,1458450
58,912,1098774
58,912,170787
58,923,1036006
58,923,1131212
58,923,522772
58,923,607747
58,923,734764
58,925,953645
58,926,159135
58,926,268683
58,926,486948
58,941,1328433
58,941,681144
58,947,1015740
58,947,146301
58,947,209663
58,947,209796
58,947,238167
58,947,929467
58,950,107342
58,950,1294625
58,950,1337351
58,950,307514
58,950,546675
58,950,733395
58,950,791243
58,950,858765
58,950,859663
58,950,892099
58,952,8301
58,954,1068568
58,954,1160086
58,958,108550
58,958,120090
58,958,1203600
58,958,1354855
58,958,243964
58,958,294315
58,958,384353
58,958,474549
58,958,62316
58,958,758839
58,958,765586
58,959,703635
58,965,1292441
59,134,1328788
59,134,429527
59,2,809827
59,260,1020011
59,260,1196402
59,260,258146
59,373,1114841
59,38,1078866
59,385,1361585
59,400,1179645
59,400,121341
59,400,991447
59,408,11473
59,426,130562
59,426,1439962
59,426,449652
59,426,771769
59,433,1271251
59,433,579065
59,463,1372576
59,471,699949
59,473,1234970
59,473,215050
59,473,301827
59,473,507344
59,473,595012
59,473,991199
59,476,1087590
59,476,1089078
59,476,473269
59,485,39418
59,531,1472470
59,549,501794
59,621,799057
59,651,740033
59,666,1076295
59,669,1344993
59,675,713799
59,72,511348
59,768,942314
59,771,618283
59,820,116547
59,820,362197
59,820,774112
59,837,1147341
59,837,642557
59,899,76786
59,916,1051227
59,916,1277999
59,916,482121
6,457,411154
60,134,1000409
60,134,1066410
60,134,1531540
60,134,442997
60,134,544794
60,134,699079
60,134,916851
60,134,963274
60,258,281769
60,260,91729
60,327,186839
60,327,397532
60,327,787473
60,327,964497
60,665,1046763
60,665,1064708
60,665,1137943
60,665,143391
60,665,317907
60,665,937547
60,706,1053595
60,706,1116034
60,706,113942
60,706,1286732
60,706,142980
60,706,263643
60,706,681895
60,706,726139
60,706,805438
60,770,205184
60,865,1362586
60,890,1120519
60,890,2646
60,890,416468
60,890,731026
60,890,879191
60,950,1324580
60,950,1390357
60,950,296784
60,950,534588
60,950,590609
60,950,668432
60,950,85138
61,133,1286663
61,133,881436
61,205,42032
61,241,563309
61,258,58592
61,258,749037
61,406,1286524
61,406,247267
61,406,249621
61,406,375462
61,463,603926
61,56,804459
61,574,108362
61,574,714176
61,598,127143
61,679,1105897
61,679,1418285
61,679,311189
61,679,653548
61,714,685258
61,772,1123312
61,772,433712
61,86,34530
61,890,1195304
61,890,705479
61,890,849676
61,923,1437918
61,923,196614
61,950,1301704
61,950,338644
61,950,359675
61,950,651224
61,950,683375
62,426,1399061
63,1005,214609
63,1006,647517
63,113,1012116
63,133,694161
63,146,184748
63,168,1519293
63,173,499401
63,205,106492
63,21,244908
63,218,872255
63,225,763783
63,229,1451413
63,229,674162
63,229,742697
63,233,1115659
63,233,399647
63,235,515489
63,25,668598
63,305,1407302
63,305,1460144
63,331,556591
63,333,1036912
63,355,790377
63,368,396106
63,373,1145354
63,401,1038961
63,418,1412610
63,422,215147
63,44,1456294
63,454,232018
63,457,809482
63,457,880097
63,460,441646
63,473,1391168
63,473,178135
63,491,1333916
63,491,666041
63,509,1489698
63,509,655145
63,525,596742
63,533,1461421
63,536,881597
63,542,1142420
63,542,1462491
63,542,732075
63,563,1283272
63,584,1506162
63,584,740561
63,585,1035998
63,609,105634
63,609,1494539
63,621,1201946
63,634,464493
63,636,1313124
63,636,1315343
63,636,1438877
63,636,641372
63,636,766796
63,636,879396
63,648,459105
63,65,881562
63,651,1126687
63,672,1042386
63,675,1446852
63,675,89619
63,677,1065755
63,677,1363499
63,677,851382
63,696,858652
63,704,750896
63,705,1476476
63,731,1379906
63,740,209151
63,746,1462084
63,761,1426853
63,761,826380
63,761,949868
63,776,1466430
63,776,241556
63,776,690712
63,776,789023
63,778,195466
63,791,1121038
63,822,1041795
63,822,1430961
63,822,917416
63,837,1190924
63,876,1335484
63,890,1208144
63,892,1438137
63,893,1334672
63,900,115566
63,910,757706
63,918,1125722
63,918,546711
63,918,938906
63,918,996334
63,926,1375669
63,926,596018
63,950,1378341
63,958,1353640
63,958,468805
63,958,555071
63,993,1101310
63,993,951128
64,108,791361
64,11,404220
64,111,191903
64,124,1019729
64,124,1049137
64,124,1153417
64,124,1200361
64,124,1224227
64,124,1282640
64,124,1394996
64,124,144877
64,124,187284
64,124,212894
64,124,26882
64,124,321567
64,124,337645
64,124,916827
64,124,936888
64,130,350357
64,143,152175
64,175,253641
64,18,783824
64,205,122590
64,210,1178642
64,210,467015
64,223,140295
64,225,947291
64,227,431297
64,233,1320443
64,233,1529319
64,254,992239
64,268,226254
64,268,319938
64,268,540721
64,289,1476612
64,294,399992
64,294,862970
64,304,1436030
64,312,227726
64,325,175312
64,333,370298
64,352,875542
64,388,1354438
64,388,968036
64,396,655181
64,401,1052380
64,401,1273376
64,401,378863
64,401,389201
64,401,435222
64,401,721481
64,408,147124
64,408,188007
64,408,580898
64,408,914747
64,411,624407
64,426,258788
64,429,909758
64,436,200673
64,453,1280548
64,457,119177
64,457,1308373
64,457,388911
64,457,66342
64,460,1107942
64,48,1215455
64,514,1378018
64,514,51618
64,514,739975
64,547,792965
64,549,1107578
64,549,637178
64,549,764092
64,549,812983
64,555,489165
64,56,1250233
64,56,1433522
64,570,851787
64,584,725777
64,595,923608
64,609,1107040
64,621,1161079
64,629,1120887
64,642,737792
64,642,877907
64,66,519945
64,677,345305
64,711,455177
64,711,909460
64,716,95317
64,732,1222849
64,744,671495
64,750,551816
64,758,315181
64,76,577991
64,760,592354
64,761,1002392
64,761,1132306
64,761,1248094
64,761,1404392
64,761,1524422
64,761,366443
64,761,513704
64,761,633881
64,761,924356
64,761,946943
64,761,953049
64,778,189591
64,780,708847
64,785,748474
64,820,1128481
64,822,1125357
64,822,189650
64,822,896897
64,826,1470646
64,830,491010
64,832,1185700
64,832,1440420
64,832,916272
64,837,1305817
64,837,23012
64,837,691959
64,866,828678
64,870,88157
64,881,1163319
64,89,1098290
64,919,982178
64,923,1005154
64,923,115188
64,923,1237158
64,923,1260317
64,923,1324556
64,923,1408379
64,923,1433232
64,923,249028
64,923,817099
64,923,898411
64,926,354236
64,926,76542
64,931,22442
64,942,325845
64,950,1015285
64,950,1304478
64,950,13089
64,950,437737
64,958,1075664
64,958,1108496
64,958,1180051
64,969,1126391
64,98,386125
64,993,1047242
64,993,961813
65,108,556682
65,108,947819
65,12,1515140
65,241,345966
65,241,807148
65,260,1534504
65,260,992495
65,299,916642
65,364,524236
65,368,1123240
65,394,1356413
65,394,912192
65,406,1157428
65,406,380310
65,406,60088
65,406,649575
65,410,806458
65,443,1375381
65,443,985877
65,459,253416
65,494,660953
65,509,1058371
65,509,41680
65,537,881494
65,540,520335
65,604,1074211
65,666,263140
65,666,308337
65,679,726379
65,700,928439
65,772,924336
65,784,329299
65,790,1187174
65,821,444526
65,837,129743
65,837,785373
65,896,1485242
65,923,1053597
65,923,1124447
65,923,1337206
65,923,224308
65,923,382389
65,923,507158
65,923,532492
65,923,607421
65,923,89146
65,923,935512
65,926,77669
65,934,1087357
65,950,1245417
65,950,1357582
65,950,233875
65,950,333135
65,950,338194
65,950,391886
65,950,458973
65,950,50101
65,950,519127
65,950,567844
65,950,671177
65,969,1381250
65,998,904266
66,1000,30533
66,1020,603360
66,106,1494282
66,134,129542
66,134,1355477
66,134,1381188
66,134,212797
66,134,444237
66,135,328560
66,137,1222495
66,137,1528900
66,152,440833
66,154,319353
66,159,328551
66,163,422029
66,188,504982
66,210,121784
66,225,503274
66,260,1288123
66,274,1251383
66,296,873524
66,312,28874
66,349,736438
66,368,422620
66,373,1401858
66,400,1183491
66,400,1376201
66,400,446697
66,400,459316
66,400,530347
66,400,930700
66,408,157550
66,433,211539
66,436,543213
66,436,716112
66,449,1332313
66,457,1392360
66,473,1067671
66,474,1268775
66,474,266221
66,474,332723
66,476,526668
66,481,1516165
66,502,676388
66,54,1328749
66,546,1532873
66,549,382367
66,584,580168
66,611,595853
66,621,395344
66,621,76385
66,637,525116
66,665,1122033
66,665,1185924
66,665,1200390
66,665,337707
66,669,369741
66,672,1051868
66,672,1077316
66,672,1152071
66,684,1259960
66,698,905460
66,72,666880
66,720,1139444
66,744,595685
66,758,1321631
66,761,1196969
66,761,39261
66,768,1187804
66,771,317559
66,793,1062860
66,800,1424764
66,837,1255110
66,837,1512454
66,837,668288
66,837,990944
66,87,1518842
66,871,903958
66,89,678803
66,923,309660
66,937,825605
66,950,1508793
66,950,218497
66,950,518953
66,950,5943
66,950,87264
66,958,1535022
66,958,301212
66,969,1391565
67,108,135815
67,124,358779
67,260,66913
67,621,729030
67,633,1160527
67,751,195588
67,923,735199
68,228,65888
68,435,1125134
68,650,695228
69,208,986826
69,400,1088497
69,825,998751
69,912,1037466
7,120,145832
7,123,1361100
7,134,390118
7,134,414293
7,164,947634
7,2,1041798
7,2,1120094
7,2,803734
7,219,37450
7,242,16603
7,251,686619
7,292,256465
7,393,670267
7,400,1089841
7,400,1325392
7,400,1372982
7,436,1458284
7,465,935294
7,576,1260686
7,669,219941
7,684,635077
7,684,640521
7,687,933146
7,72,1022601
7,72,112726
7,739,1028198
7,749,397739
7,822,398118
7,837,1227965
7,837,1508355
7,837,654636
7,923,446082
7,923,949168
7,997,1452458
70,260,895708
70,467,1116829
70,473,755101
70,584,1141407
70,584,1439935
70,606,419117
70,837,747940
70,872,582017
70,950,993873
71,1000,524848
71,108,915821
71,155,1270759
71,197,1228346
71,210,1048122
71,210,1406171
71,217,411003
71,22,221261
71,229,1390696
71,229,1520623
71,258,1187148
71,260,1187901
71,260,806878
71,312,1091804
71,318,1115508
71,318,1137748
71,318,1349947
71,318,1428182
71,318,546361
71,318,748534
71,318,750490
71,325,945083
71,352,744584
71,371,421220
71,373,1137009
71,373,1510790
71,373,252741
71,373,472144
71,373,87009
71,373,959412
71,398,1453675
71,398,585325
71,406,486538
71,409,91419
71,426,1241614
71,426,1340565
71,426,1366805
71,426,1499410
71,426,32547
71,430,1273513
71,433,1082616
71,433,555890
71,48,1209633
71,561,189234
71,561,280849
71,561,648373
71,592,573480
71,637,914649
71,722,1081618
71,722,786207
71,73,397360
71,752,685819
71,752,708426
71,752,759277
71,772,816296
71,787,1516227
71,787,867449
71,798,1454955
71,822,1025417
71,822,1056798
71,832,1266421
71,832,709474
71,896,882536
71,918,1257232
71,92,287726
71,92,77404
71,923,947058
71,933,1024410
71,947,408163
71,947,567059
71,958,812256
71,968,921830
71,969,441954
71,969,933393
71,987,1461516
71,987,352922
72,103,1150946
72,108,1337084
72,124,117120
72,124,131294
72,124,131851
72,124,481740
72,124,716622
72,124,830749
72,128,342516
72,205,1382949
72,210,1146759
72,254,1264839
72,254,1401424
72,254,266518
72,257,987073
72,277,1164980
72,294,1075007
72,294,1391376
72,294,354006
72,294,860191
72,3,1199337
72,309,198220
72,312,97223
72,335,646415
72,352,1472864
72,352,650399
72,354,1207756
72,354,1507258
72,357,1395267
72,357,405943
72,372,1022488
72,383,1466644
72,395,289833
72,401,108212
72,401,1164201
72,401,1430818
72,401,319167
72,401,432660
72,401,899261
72,408,1132640
72,408,1395523
72,408,367481
72,410,127550
72,419,1237212
72,419,49317
72,425,1219128
72,426,1459013
72,426,343068
72,433,1497996
72,457,1257892
72,457,1474470
72,457,94815
72,473,1311341
72,473,1316574
72,473,452510
72,473,724612
72,473,764554
72,473,875625
72,473,989266
72,489,199903
72,497,513655
72,50,1431105
72,504,611245
72,514,406906
72,518,477547
72,519,370520
72,527,1178812
72,533,47956
72,536,1332829
72,547,1144230
72,547,1317481
72,547,422843
72,549,1309142
72,549,322304
72,584,866127
72,621,1118902
72,621,123745
72,621,1456007
72,621,554208
72,631,379213
72,677,1210827
72,677,1384625
72,677,163474
72,677,276573
72,694,37049
72,758,1393331
72,761,101233
72,761,10359
72,761,1069793
72,761,1376568
72,761,424350
72,761,50261
72,761,701370
72,761,800937
72,769,974368
72,771,1102408
72,771,1200830
72,771,561877
72,78,1416905
72,803,1095041
72,820,1160428
72,820,346451
72,820,910606
72,837,1011658
72,837,478084
72,837,497038
72,864,1077983
72,870,1074644
72,870,70892
72,89,1377511
72,894,62887
72,923,334811
72,923,389651
72,923,476551
72,923,545845
72,923,971652
72,926,334511
72,926,806981
72,950,1041365
72,950,133241
72,950,1507754
72,950,345807
72,950,462604
72,950,939937
72,969,709161
72,969,732074
72,969,732982
72,980,1091693
72,987,364977
72,988,1064892
73,1002,535949
73,164,1165115
73,164,581155
73,181,117314
73,258,1002362
73,258,1041137
73,260,1065549
73,260,1478429
73,260,167054
73,260,199291
73,260,235299
73,260,574345
73,260,622027
73,260,730191
73,260,993422
73,325,1012449
73,325,1061650
73,325,1406227
73,325,728360
73,325,958553
73,334,622715
73,410,552452
73,426,1101683
73,426,1301610
73,426,703058
73,443,23980
73,443,375156
73,445,46122
73,509,171113
73,537,781468
73,77,550115
73,772,1006174
73,772,251136
73,869,56458
73,890,684308
73,950,212935
73,950,870749
73,958,1260812
74,1,1372579
74,147,721287
74,147,765194
74,163,126363
74,163,206379
74,163,355692
74,163,7404
74,200,236834
74,225,619542
74,234,445534
74,239,901466
74,261,1262451
74,261,207283
74,261,423050
74,261,731718
74,269,1094833
74,275,1051440
74,280,1293544
74,32,1322474
74,32,154158
74,373,1022151
74,373,1101863
74,373,1317717
74,373,588828
74,373,708178
74,373,765302
74,382,973221
74,384,472273
74,386,611526
74,39,1282673
74,433,1339733
74,433,146598
74,436,814270
74,513,495072
74,550,1233146
74,550,1366394
74,550,474190
74,550,665720
74,566,197406
74,608,1284851
74,608,1309420
74,608,1373577
74,608,175942
74,608,203647
74,608,29352
74,608,449377
74,612,1203812
74,631,263374
74,636,249833
74,637,16885
74,637,190410
74,637,19102
74,637,768606
74,638,508765
74,64,62045
74,675,1112706
74,675,1483656
74,675,292163
74,675,529968
74,675,584818
74,675,595736
74,675,615912
74,675,624266
74,675,688549
74,675,737742
74,675,955791
74,72,309331
74,733,1388951
74,733,638772
74,733,819909
74,754,337642
74,763,1423151
74,768,560609
74,771,1099917
74,798,216182
74,798,959651
74,822,1025099
74,822,893174
74,822,976797
74,832,1088511
74,832,1267112
74,832,817886
74,833,361286
74,833,677331
74,835,24925
74,837,1070181
74,854,78271
74,913,1176119
74,923,1237085
74,947,1041907
74,947,1051395
74,947,1176360
74,947,124989
74,947,14614
74,947,272641
74,947,334911
74,947,342718
74,947,386896
74,947,533143
74,947,621331
74,947,738266
74,947,783271
74,950,1094880
74,950,506943
74,950,65594
74,950,796181
74,97,10358
75,17,1368998
75,403,1487547
75,410,964115
75,445,1206294
75,450,1451059
75,926,1215000
75,958,1002909
76,134,1230918
76,134,1349018
76,164,1061529
76,164,987111
76,2,972614
76,232,460190
76,352,831668
76,403,1249883
76,408,928205
76,426,1188348
76,426,292171
76,426,333891
76,426,416004
76,426,514718
76,426,785909
76,426,887177
76,457,971718
76,547,1524707
76,666,988816
76,690,1065221
76,709,1390648
76,758,1199212
76,80,1062186
76,994,1262610
77,1014,175667
77,120,295118
77,120,563936
77,124,1020632
77,124,1026388
77,124,108701
77,124,1344947
77,124,1423747
77,124,230506
77,124,318387
77,124,846807
77,124,969578
77,144,335296
77,165,1527007
77,166,1136587
77,210,285095
77,213,743339
77,225,1196827
77,225,176080
77,229,592911
77,229,793375
77,233,1289218
77,233,1415079
77,233,165387
77,233,673762
77,233,994989
77,256,1252795
77,256,527667
77,256,59295
77,256,898837
77,268,1391783
77,268,1431652
77,268,398063
77,268,657687
77,305,845962
77,313,613436
77,326,1242297
77,336,455909
77,373,644265
77,373,699778
77,373,830004
77,408,1355975
77,41,6372
77,410,1145758
77,436,855904
77,473,1429996
77,473,1512858
77,473,190728
77,473,310249
77,473,735921
77,473,92237
77,487,1226868
77,491,199853
77,491,5540
77,518,1522440
77,520,1328230
77,521,1009036
77,521,902739
77,533,1313725
77,549,1235271
77,549,1446611
77,549,372650
77,549,628740
77,549,808927
77,564,1127342
77,584,755694
77,603,554460
77,607,1042565
77,609,1116702
77,609,1210541
77,609,467361
77,609,926239
77,614,556819
77,621,30014
77,621,338012
77,621,77045
77,621,908998
77,636,137110
77,636,1408271
77,636,159904
77,636,321742
77,636,322427
77,636,387579
77,636,956668
77,665,721716
77,669,1481948
77,684,12153
77,761,1219149
77,761,347615
77,761,433025
77,761,722246
77,761,929718
77,761,941958
77,761,969557
77,771,599254
77,775,422237
77,776,1050174
77,776,1479097
77,776,498647
77,798,1020436
77,822,1096598
77,822,26732
77,832,1309765
77,832,496324
77,832,778256
77,837,1009997
77,837,1011333
77,837,1056975
77,837,1485889
77,837,1496203
77,837,1498974
77,837,1830
77,837,197755
77,837,572640
77,837,585351
77,837,605807
77,837,900577
77,869,897043
77,893,135304
77,900,581811
77,923,1023352
77,923,1144295
77,923,1147040
77,923,1299501
77,923,1379994
77,923,171096
77,923,527807
77,923,684767
77,926,1364391
77,926,281129
77,941,1127891
77,950,1021193
77,950,1053758
77,950,1324082
77,950,1355011
77,950,481718
77,950,628696
77,950,681288
77,950,698608
77,950,938560
77,950,978930
77,958,1046566
77,958,1359472
77,958,320438
77,958,443855
77,975,1526632
77,987,223080
77,993,67037
78,1007,1131678
78,15,1355740
78,15,875867
78,177,1181872
78,196,1103416
78,196,1440695
78,196,176508
78,196,224257
78,196,308148
78,196,692527
78,196,73752
78,229,1095614
78,233,1288079
78,318,1466154
78,406,391043
78,473,1262157
78,473,477023
78,49,699412
78,558,1464060
78,568,419973
78,587,1471411
78,587,957979
78,715,1017977
78,715,1088590
78,715,1185161
78,715,699904
78,733,585763
78,758,458439
78,765,245704
78,771,25138
78,771,284060
78,936,723138
78,939,1114760
78,946,1090901
78,958,1185734
78,958,1495805
78,958,26204
78,958,440870
78,958,669783
78,958,74855
78,958,830804
78,958,853414
79,438,1145822
79,438,1296751
79,438,523175
79,438,80985
79,438,901241
79,499,1071492
79,773,1120693
79,773,1187813
79,773,1230055
79,773,1458511
79,773,176086
79,773,314095
79,790,1238749
8,1013,300001
8,105,241123
8,119,1418503
8,120,270898
8,124,1255646
8,124,1527425
8,124,822605
8,132,130488
8,132,653486
8,134,1174692
8,134,251496
8,134,99016
8,171,834266
8,171,863844
8,174,641289
8,210,657134
8,210,988060
8,229,1217918
8,24,797232
8,298,912611
8,307,183020
8,312,1026492
8,312,185549
8,312,789506
8,328,1110660
8,339,240427
8,339,95173
8,356,1423446
8,362,985821
8,375,1533498
8,375,38182
8,375,685717
8,375,946594
8,380,1276718
8,380,324493
8,396,283157
8,426,1391609
8,426,645001
8,433,1062705
8,433,1239562
8,433,385810
8,433,896235
8,457,116555
8,457,815096
8,463,948215
8,492,1448950
8,495,316525
8,501,883505
8,502,1412148
8,502,435877
8,506,142151
8,521,1511368
8,521,962983
8,548,406408
8,549,1404286
8,550,46309
8,565,487269
8,573,82362
8,584,330354
8,6,822453
8,608,1501490
8,635,982612
8,655,491288
8,669,170579
8,672,1172866
8,673,1342074
8,684,686825
8,684,797526
8,72,44398
8,730,1389194
8,730,1393147
8,730,614860
8,733,727642
8,735,211763
8,736,1086275
8,736,28210
8,743,978597
8,758,1366651
8,771,331419
8,771,341550
8,801,801483
8,807,923981
8,832,1001426
8,832,508355
8,832,652361
8,837,1082650
8,837,1370376
8,837,221062
8,837,232506
8,837,587644
8,837,668185
8,840,266931
8,840,339126
8,871,736948
8,912,977497
8,921,1060965
8,926,1231494
8,926,561562
8,950,1039467
8,950,494065
8,950,809325
8,958,1441789
8,958,286401
8,958,752403
8,958,776154
8,966,1272551
8,966,442591
8,97,1060394
8,987,807217
80,1019,601586
80,129,1375417
80,133,1485270
80,178,1392823
80,204,1274059
80,210,164991
80,210,61392
80,231,1119084
80,231,18230
80,231,879785
80,231,93841
80,244,1412849
80,255,277325
80,311,122001
80,312,1058628
80,406,1229982
80,406,1339551
80,406,1401828
80,406,293527
80,561,455166
80,579,106793
80,579,1495530
80,58,337172
80,591,984323
80,610,1041159
80,688,1110692
80,688,1174707
80,688,1406422
80,688,262879
80,688,759878
80,688,889599
80,733,1107259
80,733,114378
80,733,143778
80,771,1266650
80,771,1411077
80,771,745602
80,771,834298
80,827,596589
80,877,1400973
80,901,1162967
80,918,1387220
80,918,240339
80,918,246429
80,918,814151
80,918,941910
80,923,831498
80,923,874713
80,926,212084
80,957,1032098
80,958,1059120
80,958,1495525
80,958,202827
80,958,511323
80,958,745565
80,958,787842
81,124,716729
81,134,1121874
81,134,1246983
81,2,1151713
81,229,1349863
81,229,326633
81,229,711440
81,287,634346
81,305,190869
81,312,131593
81,312,492525
81,40,943773
81,408,342762
81,408,559658
81,433,1395197
81,433,1532163
81,457,331085
81,572,66836
81,584,21162
81,63,316043
81,637,55431
81,637,620961
81,637,810455
81,665,73817
81,693,394242
81,727,21338
81,759,559806
81,798,1139137
81,837,390868
81,837,458673
81,837,577488
81,848,239367
81,861,167274
81,912,650956
81,950,1212997
81,950,1345273
81,950,577286
82,337,1148576
82,337,57693
82,811,30436
83,100,1498902
83,1015,1153331
83,1015,1455295
83,1015,357025
83,108,1060769
83,108,1320549
83,108,1497138
83,108,672514
83,108,842229
83,124,406365
83,125,1301261
83,149,1529636
83,151,624005
83,164,1312194
83,164,289505
83,164,956829
83,182,921039
83,209,1424551
83,210,1102806
83,225,968232
83,229,537678
83,246,152996
83,246,333273
83,246,51056
83,246,676448
83,246,721397
83,258,316835
83,258,496095
83,26,207063
83,260,1363525
83,305,687220
83,312,909844
83,314,1258197
83,341,612638
83,351,1377828
83,387,96388
83,397,640037
83,4,264768
83,403,1504607
83,403,630665
83,408,166486
83,408,452578
83,408,706779
83,419,1266528
83,419,1527440
83,419,179693
83,419,384239
83,419,601023
83,419,954551
83,419,980822
83,42,1400706
83,42,250626
83,42,90599
83,426,1078587
83,426,114515
83,426,1505717
83,426,16672
83,426,473635
83,426,511139
83,426,740282
83,426,912328
83,426,947795
83,426,982732
83,433,1087235
83,433,629610
83,441,1310324
83,441,1336335
83,441,479916
83,441,909675
83,457,1089468
83,457,1107091
83,46,456161
83,472,1252110
83,473,1158921
83,473,416996
83,473,418117
83,473,591063
83,473,591609
83,473,680345
83,475,557752
83,475,619718
83,475,860502
83,48,1001346
83,48,1452987
83,48,163065
83,549,381089
83,569,1009164
83,571,714102
83,611,747245
83,621,983349
83,624,657093
83,640,119330
83,680,31760
83,680,464794
83,680,54399
83,685,953177
83,733,1495245
83,733,444326
83,757,1025000
83,772,275878
83,772,560349
83,775,1392130
83,782,490157
83,808,99634
83,820,1252320
83,820,490701
83,820,496330
83,820,713536
83,837,1481634
83,837,518113
83,849,1171864
83,849,281573
83,860,1130547
83,862,89389
83,884,945655
83,89,541490
83,902,1162263
83,902,1259258
83,902,1429486
83,902,144247
83,902,178144
83,902,230190
83,902,868559
83,923,1195296
83,923,1382325
83,923,1473244
83,923,437918
83,950,941275
83,985,27233
83,987,1169142
83,987,1194653
83,987,416257
84,1016,122097
84,1016,273199
84,1019,594734
84,134,964610
84,185,989117
84,186,754753
84,2,1056796
84,2,1483713
84,2,288934
84,2,373291
84,2,498841
84,2,764588
84,2,84770
84,206,281014
84,206,871563
84,229,810862
84,258,126346
84,258,1362367
84,260,894934
84,282,173653
84,285,1118699
84,318,375429
84,365,38284
84,365,720223
84,387,815245
84,405,1236758
84,405,655702
84,406,1274926
84,410,956985
84,42,451273
84,443,1222819
84,457,1461719
84,461,893149
84,502,800969
84,536,681325
84,551,1111797
84,551,827160
84,584,814674
84,584,876786
84,636,1219132
84,643,408731
84,684,1083372
84,684,1239534
84,684,1493222
84,684,153600
84,684,242230
84,702,1002230
84,702,509723
84,724,712614
84,837,207662
84,837,30954
84,837,85344
84,841,1469639
84,871,187768
84,896,517034
84,911,1253740
84,92,1199838
84,923,130629
84,923,81305
84,936,1480358
84,950,616010
84,969,635262
85,10,769185
85,1008,1524911
85,1009,1452502
85,122,1249745
85,157,600627
85,196,295866
85,261,426876
85,261,710418
85,308,691351
85,308,717263
85,318,257104
85,373,173826
85,373,27884
85,406,949834
85,41,504019
85,457,232707
85,547,1101708
85,584,211925
85,621,1135604
85,621,458605
85,733,1505748
85,758,1263142
85,796,928299
85,950,1084223
85,950,280041
85,958,1365560
85,958,150153
85,958,22070
85,958,528617
85,958,572552
85,958,802254
85,967,1235173
85,99,1470189
86,177,369296
86,196,678462
86,233,428965
86,363,1167964
86,363,368822
86,363,561978
86,363,601250
86,363,661582
86,363,905211
86,695,816587
86,765,1312112
86,766,448239
86,771,39504
86,888,1374150
86,939,564153
86,950,1199299
86,950,1218686
86,950,1228550
86,950,269327
86,950,305380
86,950,431611
86,950,814822
86,950,929978
86,958,1019807
86,958,1128424
86,958,1213049
86,958,123867
86,958,1261298
86,958,599864
86,958,633136
86,958,721794
87,124,545308
87,124,749790
87,137,987992
87,140,971304
87,156,1527712
87,16,1434148
87,16,613565
87,16,640835
87,16,705648
87,178,610920
87,178,893464
87,178,912165
87,178,983069
87,179,537363
87,202,557157
87,202,832969
87,210,872371
87,229,1303624
87,229,607011
87,260,208072
87,260,750990
87,260,755679
87,260,980761
87,27,1074145
87,27,1481364
87,27,985531
87,284,801840
87,3,248196
87,361,718694
87,381,1318817
87,408,66539
87,412,1167084
87,457,527070
87,473,596913
87,486,1045291
87,510,717627
87,510,922021
87,52,476049
87,53,1356003
87,53,1357516
87,554,681674
87,579,1124296
87,579,36735
87,579,504390
87,579,813662
87,579,899061
87,579,914349
87,582,1279096
87,584,647939
87,594,87135
87,622,710326
87,646,152927
87,659,1145381
87,867,473896
87,867,763388
87,868,795449
87,869,280874
87,877,1017990
87,877,118684
87,877,1335607
87,877,1362471
87,877,1443439
87,877,482638
87,877,550362
87,877,666865
87,877,701834
87,877,764162
87,877,871439
87,877,9710
87,886,26261
87,89,815232
87,909,391980
87,923,1103153
87,923,1197533
87,923,1399240
87,926,1247447
87,926,853785
87,941,1001195
87,941,305343
88,360,412489
88,536,1358389
88,683,1061543
88,950,117852
88,950,982874
88,978,473968
89,225,269968
89,225,66794
89,310,42169
89,410,118639
89,410,1234509
89,410,1249839
89,410,41641
89,410,629198
89,433,144437
89,433,900822
89,457,147919
89,457,419658
89,473,1106781
89,473,1529510
89,473,42926
89,49,849964
89,493,813054
89,505,326970
89,549,580883
89,584,1347960
89,584,371131
89,672,848338
89,758,1434584
89,758,604773
89,831,110700
89,831,1398706
89,831,1429569
89,831,234579
89,831,287213
89,831,39075
89,831,514761
89,831,602153
89,831,869661
89,837,691909
89,870,1024355
89,870,862838
89,91,1221002
89,912,1414600
89,950,1307562
89,950,489719
89,950,95349
9,1000,493621
9,1000,519545
9,108,1068642
9,108,1461505
9,124,100378
9,124,1464864
9,124,18163
9,190,639209
9,210,162932
9,246,1159081
9,246,119467
9,246,1356633
9,246,690375
9,271,1518697
9,279,1125135
9,279,362181
9,312,568465
9,323,1237833
9,36,349520
9,419,106691
9,419,567627
9,419,626955
9,419,856405
9,419,961298
9,428,1267003
9,434,670619
9,441,138920
9,441,710283
9,441,737930
9,441,757651
9,472,160230
9,473,123658
9,473,1301552
9,473,1489584
9,473,416111
9,473,445601
9,473,609151
9,473,765856
9,473,972811
9,475,1074181
9,475,400526
9,475,431845
9,475,992942
9,48,1048285
9,48,826341
9,502,404835
9,541,794027
9,56,621015
9,607,1292825
9,628,641902
9,669,1461417
9,75,560098
9,804,1043886
9,806,169714
9,820,1510924
9,820,416838
9,820,575697
9,822,821066
9,837,473780
9,850,240081
9,852,1163498
9,902,461105
9,902,815652
9,923,1213142
9,923,34418
9,923,627863
9,923,663785
9,947,497978
9,958,1097909
9,976,922163
90,228,59559
90,433,96057
90,435,1527048
90,549,367339
90,553,662496
90,60,1037823
90,601,1277532
90,631,257592
90,650,621285
90,650,717313
90,650,82889
90,672,405864
90,734,294370
90,818,275742
90,945,463699
90,982,1069217
90,982,305717
90,982,319946
90,982,335447
90,982,656016
90,982,690202
91,205,952658
91,352,1268274
91,436,180334
91,621,993454
92,1000,1049129
92,1012,626906
92,172,6287
92,176,976893
92,229,1389241
92,229,1536056
92,352,326003
92,788,357054
92,950,301664
92,950,37150
92,969,1187096
92,978,954800
93,108,384285
93,133,570779
93,305,1376753
93,408,208285
93,448,35083
93,473,1042044
93,473,1210331
93,753,138905
93,820,1046482
93,820,1253083
93,837,561587
93,885,1459645
93,897,706991
93,923,1510667
94,120,1103441
94,120,1499673
94,134,367025
94,134,7141
94,134,845258
94,159,1160372
94,159,23335
94,159,446208
94,159,944173
94,224,1353014
94,224,545653
94,261,1003425
94,261,1192777
94,261,1364079
94,261,144397
94,261,593224
94,261,950338
94,273,1032795
94,273,156522
94,273,3950
94,305,368683
94,305,544907
94,468,292892
94,476,263879
94,476,481665
94,476,530516
94,55,1393057
94,581,332134
94,6,1056726
94,6,1229943
94,6,1336779
94,6,273474
94,6,337779
94,605,1362977
94,623,487097
94,637,1148749
94,665,1362330
94,665,1377953
94,665,177087
94,665,287768
94,665,417238
94,665,514968
94,665,701949
94,675,1067306
94,675,131738
94,675,1429200
94,675,410845
94,675,502666
94,684,226417
94,733,1074431
94,733,1145161
94,733,1233511
94,733,1293313
94,733,12967
94,733,1480302
94,733,175449
94,733,195037
94,733,204471
94,733,21918
94,733,260132
94,733,275160
94,733,945164
94,761,768205
94,761,876536
94,768,1262768
94,768,20184
94,768,404809
94,768,834507
94,771,567478
94,797,740932
94,797,755988
94,798,801548
94,837,1247386
94,837,1277860
94,837,1377774
94,837,1471849
94,837,192392
94,837,217971
94,837,423314
94,837,614346
94,837,857140
94,837,974220
94,879,1169227
94,879,35159
94,879,641331
94,923,925286
94,947,1009124
94,947,1065222
94,947,509284
94,947,909245
94,950,1174157
94,950,1195944
94,950,139434
94,950,145988
94,950,23396
94,950,288026
94,950,857108
94,950,940330
94,950,9671
94,993,843473
94,996,1425946
